1.21048678e+00 
8.28502586e-01 
7.07122926e-01 
6.77108532e-01 
2.32584279e-01 
1.93292432e-01 
1.75643542e-01 
1.50606003e-01 
1.12131356e-01 
6.51059183e-02 
3.41261971e-02 
1.63546278e-02 
8.12483293e-03 
5.64378427e-03 
5.58290620e-03 
5.24418767e-03 
5.22691226e-03 
5.21164770e-03 
5.21064525e-03 
5.20933301e-03 
5.20925639e-03 
5.20682194e-03 
5.20660483e-03 
5.20653235e-03 
5.20631069e-03 
5.20625180e-03 
5.20583603e-03 
5.20543634e-03 
5.20516635e-03 
5.20513916e-03 
5.20513308e-03 
5.20513186e-03 
5.20513163e-03 
5.20513159e-03 
5.20513158e-03 
