1.90908017e-03 
2.57446180e-04 
3.19899167e-05 
2.58103283e-06 
2.56265759e-06 
2.54443977e-06 
2.52636703e-06 
2.50844852e-06 
2.49067229e-06 
2.47304719e-06 
2.45556165e-06 
2.43822420e-06 
2.42102364e-06 
2.40396822e-06 
2.38704709e-06 
2.37026821e-06 
2.35362109e-06 
2.33711339e-06 
2.32073496e-06 
2.30449322e-06 
2.28837832e-06 
2.27239743e-06 
2.25654100e-06 
2.24081596e-06 
2.22521307e-06 
2.20973902e-06 
2.19438485e-06 
2.17915702e-06 
2.16404686e-06 
2.14906060e-06 
2.13418985e-06 
2.11944062e-06 
2.10480477e-06 
2.09028813e-06 
2.07588279e-06 
2.06159440e-06 
2.04741528e-06 
2.03335088e-06 
2.01939379e-06 
2.00554925e-06 
1.99181006e-06 
1.97818132e-06 
1.96465604e-06 
1.95123913e-06 
1.93792382e-06 
1.92471487e-06 
1.91160570e-06 
1.89860091e-06 
1.88569413e-06 
1.87288979e-06 
1.86018172e-06 
