1.24385804e+03 
2.17979773e+02 
7.66036560e+01 
5.09487181e+01 
4.81630265e+01 
4.61664207e+01 
4.56651329e+01 
4.44779049e+01 
4.33612988e+01 
4.24427387e+01 
4.09088470e+01 
3.98359441e+01 
3.80429088e+01 
3.64795036e+01 
3.38551904e+01 
3.22707512e+01 
3.05576899e+01 
2.92401298e+01 
2.77717256e+01 
2.62239074e+01 
2.45515997e+01 
2.26726894e+01 
2.12799320e+01 
1.97116473e+01 
1.88436880e+01 
1.75381453e+01 
1.69524497e+01 
1.59691653e+01 
1.46501449e+01 
1.39907266e+01 
1.30040530e+01 
1.24352812e+01 
1.11870674e+01 
1.03040881e+01 
9.53253987e+00 
8.36938883e+00 
7.61869497e+00 
6.71219620e+00 
5.53306138e+00 
4.38115042e+00 
2.22993907e+00 
2.01493534e-01 
1.27706229e-03 
6.82755608e-07 
1.37978318e-07 
1.37621876e-07 
1.37614757e-07 
1.37613179e-07 
1.37581744e-07 
