3.20302205e+01 
4.50349152e+00 
2.89914197e+00 
1.68131454e+00 
9.11330886e-01 
5.13908437e-01 
3.97274405e-01 
3.66839845e-01 
1.58592115e-01 
1.45405907e-01 
1.21242061e-01 
1.16602681e-01 
1.12726383e-01 
8.62142889e-02 
6.89302059e-02 
5.67826109e-02 
4.80271610e-02 
4.80089612e-02 
4.79855648e-02 
4.79499338e-02 
4.20096384e-02 
3.75643181e-02 
3.42107135e-02 
3.37764606e-02 
3.10538913e-02 
2.91451220e-02 
2.77183514e-02 
2.66010483e-02 
2.57174261e-02 
2.37386647e-02 
2.32401315e-02 
2.28736567e-02 
