3.49530797e+07 
9.35097430e+06 
1.13057704e+06 
3.61863637e+05 
1.49283735e+05 
6.67423189e+04 
2.75939136e+04 
9.01765770e+03 
6.42271768e+03 
1.70529961e+03 
8.98713036e+01 
5.67354558e+01 
1.28831112e+01 
4.04751784e+00 
1.30665729e+00 
4.22319021e-01 
1.36512450e-01 
4.42314272e-02 
1.43984751e-02 
4.71884136e-03 
1.56000309e-03 
5.21160107e-04 
1.76238870e-04 
6.04203726e-05 
2.10287619e-05 
7.43907809e-06 
2.67766690e-06 
9.81559147e-07 
3.66713250e-07 
1.39718950e-07 
5.43143672e-08 
2.15508060e-08 
8.72991099e-09 
3.61089004e-09 
1.52508274e-09 
6.57693231e-10 
2.89563472e-10 
1.30125307e-10 
5.96700112e-11 
2.79113750e-11 
1.33128492e-11 
6.47206006e-12 
3.20552698e-12 
