1.22165132e+02 
5.32009658e+01 
4.06194622e+01 
3.98039532e+01 
2.31918025e+01 
1.64582732e+01 
1.04032588e+01 
7.69916079e+00 
5.26578467e+00 
3.17235899e+00 
2.90706635e+00 
2.17441410e+00 
1.95291474e+00 
1.73418728e+00 
1.59222188e+00 
1.36074840e+00 
1.19241753e+00 
1.02162743e+00 
1.01461876e+00 
1.01164191e+00 
1.01003273e+00 
1.00904753e+00 
1.00748112e+00 
1.00640481e+00 
1.00611069e+00 
1.00592016e+00 
1.00522028e+00 
1.00513171e+00 
1.00508479e+00 
1.00506404e+00 
1.00497023e+00 
1.00489390e+00 
1.00483109e+00 
1.00477896e+00 
1.00473529e+00 
1.00469845e+00 
1.00466716e+00 
1.00464036e+00 
1.00461731e+00 
