3.68649283e+02 
2.73952676e+02 
1.47231997e+02 
4.79492754e+01 
1.50724716e+01 
4.34335366e+00 
9.87577409e-01 
1.73970000e-01 
4.06848457e-02 
1.00510298e-02 
2.15638421e-03 
5.20968021e-04 
3.02696963e-04 
6.96116493e-06 
5.82705699e-06 
5.81194117e-06 
5.79704893e-06 
5.78240316e-06 
5.76796482e-06 
5.75375551e-06 
5.73973879e-06 
5.72593509e-06 
5.71231033e-06 
5.69888390e-06 
5.68562383e-06 
5.67254862e-06 
5.65962816e-06 
5.64688017e-06 
5.63427626e-06 
5.62183343e-06 
5.60952482e-06 
5.59736679e-06 
5.58533391e-06 
5.57344196e-06 
5.56166676e-06 
5.55002360e-06 
5.53848946e-06 
5.52707914e-06 
5.51577070e-06 
5.50457851e-06 
5.49348160e-06 
5.48249397e-06 
5.47159551e-06 
5.46079987e-06 
5.45008777e-06 
5.43947254e-06 
5.42893563e-06 
5.41849008e-06 
5.40811803e-06 
5.39783225e-06 
5.38761551e-06 
