2.16509137e+04 
4.41160496e+03 
9.22870280e+02 
7.79141370e+02 
1.96141597e+02 
1.77016054e+02 
7.75667892e+01 
7.28323286e+01 
5.73705508e+01 
5.32747483e+01 
5.15339575e+01 
5.06827240e+01 
4.93465835e+01 
4.71530319e+01 
4.61635897e+01 
4.54715614e+01 
4.45678864e+01 
4.40082874e+01 
4.38286214e+01 
4.38117149e+01 
4.27158222e+01 
4.18331493e+01 
4.16317579e+01 
4.15547907e+01 
4.13599975e+01 
4.11136188e+01 
4.09885249e+01 
4.08232059e+01 
4.06782760e+01 
4.05489628e+01 
4.04384841e+01 
4.03379234e+01 
4.02593864e+01 
4.01805085e+01 
4.01340402e+01 
4.00773121e+01 
4.00475195e+01 
3.99976234e+01 
