9.76134147e+04 
6.91053596e+04 
6.73346250e+04 
4.74113561e+04 
3.36878230e+04 
2.42992932e+04 
1.79180838e+04 
1.33629730e+04 
1.00180348e+04 
7.53128118e+03 
4.44226760e+03 
3.45352566e+03 
2.69856347e+03 
2.12216888e+03 
1.68334819e+03 
1.08419912e+03 
8.71411120e+02 
5.68340760e+02 
4.58081874e+02 
3.71748824e+02 
3.06248629e+02 
1.31802524e+02 
1.10117741e+02 
9.21884539e+01 
7.04181666e+01 
5.57347170e+01 
4.11068911e+01 
4.08571161e+01 
3.31306785e+01 
2.73446208e+01 
2.30600477e+01 
1.66700472e+01 
1.43633460e+01 
9.76065642e+00 
9.54249911e+00 
8.83024639e+00 
5.42959432e+00 
5.32212454e+00 
3.02687080e+00 
1.60398643e+00 
1.50167963e+00 
1.41978242e+00 
1.41585273e+00 
1.41068226e+00 
1.40360200e+00 
1.39602655e+00 
