8.04729852e+03 
1.55146141e+03 
8.60032916e+02 
8.57198294e+02 
8.56053387e+02 
8.54112339e+02 
8.53290109e+02 
8.52885655e+02 
8.48474688e+02 
8.47375516e+02 
8.47101251e+02 
8.47032716e+02 
8.47015585e+02 
8.47011302e+02 
8.47010231e+02 
8.47009963e+02 
8.47009897e+02 
8.47009880e+02 
8.47009876e+02 
8.47009875e+02 
8.47009874e+02 
8.47009874e+02 
8.47009874e+02 
8.47009874e+02 
8.47009874e+02 
8.47009874e+02 
8.47009874e+02 
8.47009874e+02 
8.47009874e+02 
8.46977597e+02 
8.46974578e+02 
8.46974578e+02 
8.46974578e+02 
