-3.99620001e-02 
-3.99850702e-02 
-4.00011201e-02 
-4.00034854e-02 
-4.00036310e-02 
-4.00036311e-02 
-4.00036313e-02 
-4.00036315e-02 
-4.00036316e-02 
-4.00036318e-02 
-4.00036320e-02 
-4.00036321e-02 
-4.00036323e-02 
-4.00036324e-02 
-4.00036326e-02 
-4.00036328e-02 
-4.00036329e-02 
-4.00036331e-02 
-4.00036333e-02 
-4.00036334e-02 
-4.00036336e-02 
-4.00036337e-02 
-4.00036339e-02 
-4.00036341e-02 
-4.00036342e-02 
-4.00036344e-02 
-4.00036346e-02 
-4.00036347e-02 
-4.00036349e-02 
-4.00036350e-02 
-4.00036352e-02 
-4.00036354e-02 
-4.00036355e-02 
-4.00036357e-02 
-4.00036359e-02 
-4.00036360e-02 
-4.00036362e-02 
-4.00036363e-02 
-4.00036365e-02 
-4.00036367e-02 
-4.00036368e-02 
-4.00036370e-02 
-4.00036372e-02 
-4.00036373e-02 
-4.00036375e-02 
-4.00036376e-02 
-4.00036378e-02 
