1.23510050e+00 
8.77488930e-01 
6.84536419e-01 
5.44569792e-01 
4.22107715e-01 
3.74171568e-01 
2.45788629e-01 
1.60705768e-01 
1.18473190e-01 
1.16760090e-01 
1.15481904e-01 
1.14992054e-01 
1.13632935e-01 
1.12663452e-01 
1.11795534e-01 
1.11078708e-01 
1.10515642e-01 
1.10224620e-01 
1.10030937e-01 
1.09701839e-01 
1.09533762e-01 
1.09251675e-01 
1.09079012e-01 
1.08869266e-01 
1.08708177e-01 
1.08533211e-01 
1.08388374e-01 
1.08235416e-01 
1.08105010e-01 
1.07969683e-01 
1.07851906e-01 
1.07731145e-01 
1.07624394e-01 
1.07515889e-01 
1.07418776e-01 
1.07320711e-01 
1.07232046e-01 
1.07142957e-01 
