5.32322128e+00 
5.05301140e+00 
4.73024538e+00 
4.53280176e+00 
4.24282302e+00 
3.95205577e+00 
3.64532556e+00 
3.32798008e+00 
2.94290672e+00 
2.34979588e+00 
2.26670224e+00 
1.93736946e+00 
1.71272764e+00 
1.48195712e+00 
1.37527360e+00 
1.22043523e+00 
1.13176363e+00 
1.01192728e+00 
9.48189696e-01 
8.17643780e-01 
7.60393734e-01 
6.79250843e-01 
6.11420320e-01 
5.38148723e-01 
4.91766416e-01 
4.28991904e-01 
3.94552875e-01 
3.23054532e-01 
2.92662087e-01 
2.41595802e-01 
2.13092371e-01 
1.72858279e-01 
1.48186775e-01 
1.06981325e-01 
8.70920724e-02 
6.03410201e-02 
4.46881452e-02 
2.17653114e-02 
1.14019840e-02 
2.81049838e-03 
1.38028760e-04 
2.15265150e-08 
1.01545521e-19 
