1.52722208e+00 
2.43786053e-01 
1.35100076e-01 
5.24081499e-02 
2.98275435e-02 
8.90491255e-03 
4.35980531e-03 
6.49503490e-04 
1.64386157e-04 
1.23436259e-04 
1.20959607e-04 
1.18755350e-04 
1.16794598e-04 
1.15047564e-04 
1.13491135e-04 
1.12102600e-04 
1.10863586e-04 
1.09756601e-04 
1.08767097e-04 
1.07881516e-04 
1.07088362e-04 
1.06377082e-04 
1.05738607e-04 
1.05164697e-04 
1.04648202e-04 
1.04182676e-04 
1.03762485e-04 
1.03382581e-04 
1.03038524e-04 
1.02726353e-04 
1.02442574e-04 
1.02184076e-04 
1.01948105e-04 
1.01732218e-04 
1.01534245e-04 
1.01352266e-04 
1.01184570e-04 
1.01029646e-04 
1.00886145e-04 
1.00752877e-04 
1.00628779e-04 
1.00512913e-04 
1.00404438e-04 
1.00302617e-04 
1.00206785e-04 
1.00116359e-04 
1.00030814e-04 
9.99496883e-05 
9.98725670e-05 
9.97990852e-05 
9.97289131e-05 
