 Problema  ......................... bard    
 Numero de variables  ..............   3   
 Numero de restricciones ...........   0 

 ITER         f                ||g||   

   0    4.51795317e+00   1.68296996e+01  
   1    1.17310226e+00   6.27836093e+00  
   2    8.89206026e-01   6.24721320e+00  
   3    2.00232400e-01   2.14071202e+00  
   4    6.95116517e-02   6.50715741e-01  
   5    4.03186620e-02   2.22015982e-01  
   6    2.43144315e-02   1.12736766e-01  
   7    1.49475062e-02   7.36622484e-02  
   8    1.02871929e-02   4.94495889e-02  
   9    8.58456914e-03   2.62641108e-02  
  10    8.23726484e-03   7.92332410e-03  
  11    8.21501038e-03   6.94449787e-04  
  12    8.21487731e-03   4.65483055e-06  
