 Problema  ......................... biggs6    
 Numero de variables  ..............   6   
 Numero de restricciones ...........   0 

 ITER         f                ||g||   

   0    1.21048678e+00   1.04061321e+00  
   1    8.28502586e-01   1.26357048e+00  
   2    7.07122926e-01   4.81653714e-01  
   3    6.77108532e-01   6.87565659e-01  
   4    2.32584279e-01   3.46238025e-01  
   5    1.93292432e-01   1.64779734e-01  
   6    1.75643542e-01   4.18213166e-01  
   7    1.50606003e-01   4.58774947e-01  
   8    1.12131356e-01   3.92184842e-01  
   9    6.51059183e-02   2.90069303e-01  
  10    3.41261971e-02   1.87593328e-01  
  11    1.63546278e-02   1.31906906e-01  
  12    8.12483293e-03   5.60724457e-02  
  13    5.64378427e-03   2.15091110e-02  
  14    5.58290620e-03   2.72795800e-02  
  15    5.24418767e-03   2.06687519e-03  
  16    5.22691226e-03   5.87177597e-03  
  17    5.21164770e-03   8.41125666e-04  
  18    5.21064525e-03   8.84883762e-04  
