 Problema  ......................... chnrosnb    
 Numero de variables  ..............  50   
 Numero de restricciones ...........   0 

 ITER         f                ||g||   

   0    1.24385804e+03   9.85237620e+02  
   1    2.17979773e+02   2.31541828e+02  
   2    7.66036560e+01   7.07395291e+01  
   3    5.09487181e+01   2.61666694e+01  
   4    4.81630265e+01   1.51778726e+01  
   5    4.61664207e+01   3.68753349e+00  
   6    4.56651329e+01   6.51021232e+00  
   7    4.44779049e+01   1.26563274e+01  
   8    4.33612988e+01   1.48648295e+01  
   9    4.24427387e+01   1.30951984e+01  
  10    4.09088470e+01   9.51511177e+00  
  11    3.98359441e+01   9.94321639e+00  
  12    3.80429088e+01   1.18136970e+01  
  13    3.64795036e+01   1.64237691e+01  
  14    3.38551904e+01   8.26262209e+00  
  15    3.22707512e+01   9.48986495e+00  
  16    3.05576899e+01   8.25441983e+00  
  17    2.92401298e+01   1.15537399e+01  
  18    2.77717256e+01   1.24423275e+01  
  19    2.62239074e+01   1.61199467e+01  
  20    2.45515997e+01   1.24741232e+01  
  21    2.26726894e+01   1.02353587e+01  
  22    2.12799320e+01   1.18816810e+01  
  23    1.97116473e+01   9.76715106e+00  
  24    1.88436880e+01   2.17695703e+01  
  25    1.75381453e+01   4.96770978e+00  
  26    1.69524497e+01   1.44774805e+01  
  27    1.59691653e+01   2.31626614e+01  
  28    1.46501449e+01   9.45751830e+00  
  29    1.39907266e+01   1.71095601e+01  
  30    1.30040530e+01   4.31896240e+00  
  31    1.24352812e+01   2.12190933e+01  
  32    1.11870674e+01   1.02495860e+01  
  33    1.03040881e+01   8.67908733e+00  
  34    9.53253987e+00   1.22067702e+01  
  35    8.36938883e+00   4.30371312e+00  
  36    7.61869497e+00   5.62696758e+00  
  37    6.71219620e+00   5.54593186e+00  
  38    5.53306138e+00   9.53214872e+00  
  39    4.38115042e+00   1.17078757e+01  
  40    2.22993907e+00   1.93489193e+01  
  41    2.01493534e-01   1.01219588e+01  
  42    1.27706229e-03   5.87877547e-01  
  43    6.82755608e-07   1.20488571e-02  
  44    1.37978318e-07   6.49786957e-03  
