 Problema  ......................... cliff    
 Numero de variables  ..............   2   
 Numero de restricciones ...........   0 

 ITER         f                ||g||   

   0    1.78482300e+08   5.04824181e+09  
   1    6.56599683e+07   1.85714438e+09  
   2    2.41549519e+07   6.83205235e+08  
   3    8.88610976e+06   2.51337160e+08  
   4    3.26901669e+06   9.24617735e+07  
   5    1.20260373e+06   3.40147852e+07  
   6    4.42413216e+05   1.25133398e+07  
   7    1.62755929e+05   4.60340007e+06  
   8    5.98803153e+04   1.69349585e+06  
   9    2.20524928e+04   6.23001902e+05  
  10    8.20809203e+03   2.29189153e+05  
  11    3.40116977e+03   8.43134739e+04  
  12    2.77635813e+03   3.10165603e+04  
  13    1.93492644e+03   2.09225905e+00  
  14              NaN              NaN  
