 Problema  ......................... cube    
 Numero de variables  ..............   2   
 Numero de restricciones ...........   0 

 ITER         f                ||g||   

   0    4.83507545e+00   4.40165082e+00  
   1    4.53861769e+00   2.20287603e+01  
   2    4.24123930e+00   3.68352271e+01  
   3    3.73027565e+00   9.69244190e+00  
   4    3.45825070e+00   2.10514827e+01  
   5    3.02078456e+00   1.01144132e+01  
   6    2.71806405e+00   1.36712944e+01  
   7    2.27963512e+00   7.31738578e+00  
   8    1.96780222e+00   1.23935069e+01  
   9    1.36934182e+00   3.31472681e+00  
  10    4.07854407e-01   4.25533375e+00  
  11    2.69750556e-01   2.79339081e+00  
  12    1.87928017e-01   4.33463158e+00  
  13    1.21396785e-01   1.51626387e+00  
  14    8.87191680e-02   3.70098488e+00  
  15    5.48634964e-02   1.64307309e+00  
  16    3.86695809e-02   5.11100011e+00  
  17    1.86886728e-02   4.50153801e-01  
  18    1.16178990e-02   2.35819165e+00  
  19    5.24795137e-03   9.67464222e-01  
  20    2.30216557e-03   1.77378323e+00  
  21    5.75207805e-04   2.55465030e-01  
  22    1.23140426e-04   6.01935010e-01  
  23    3.87130906e-06   1.72084980e-02  
  24    1.31640079e-08   6.78239686e-03  
