 Problema  ......................... deconvu    
 Numero de variables  ..............  51   
 Numero de restricciones ...........   0 

 ITER         f                ||g||   

   0    3.20302205e+01   5.33705536e+01  
   1    4.50349152e+00   3.30905819e+01  
   2    2.89914197e+00   2.65965254e+01  
   3    1.68131454e+00   2.12437965e+01  
   4    9.11330886e-01   1.70035661e+01  
   5    5.13908437e-01   1.17883483e+01  
   6    3.97274405e-01   1.20232816e+01  
   7    3.66839845e-01   1.20578273e+01  
   8    1.58592115e-01   5.41821666e+00  
   9    1.45405907e-01   4.49323451e+00  
  10    1.21242061e-01   4.17096022e+00  
  11    1.16602681e-01   4.70837866e+00  
  12    1.12726383e-01   4.74074688e+00  
  13    8.62142889e-02   3.94777282e+00  
  14    6.89302059e-02   3.18736591e+00  
  15    5.67826109e-02   2.78999180e+00  
  16    4.80271610e-02   2.30775378e+00  
  17    4.80089612e-02   2.30332779e+00  
  18    4.79855648e-02   2.30117929e+00  
  19    4.79499338e-02   2.30016531e+00  
  20    4.20096384e-02   2.01160063e+00  
  21    3.75643181e-02   1.72576316e+00  
  22    3.42107135e-02   1.51932121e+00  
  23    3.37764606e-02   1.47641161e+00  
  24    3.10538913e-02   1.39382808e+00  
  25    2.91451220e-02   1.11263895e+00  
  26    2.77183514e-02   1.07264742e+00  
  27    2.66010483e-02   8.75288377e-01  
  28    2.57174261e-02   8.50321836e-01  
  29    2.37386647e-02   9.46368647e-01  
  30    2.32401315e-02   1.29740766e+00  
  31    2.28736567e-02   1.28251023e+00  
  32    2.16170874e-02   8.01637413e-01  
  33    2.07409464e-02   9.06293273e-01  
  34    1.97546372e-02   9.36345874e-01  
  35    1.87573188e-02   1.02008996e+00  
  36    1.74355395e-02   1.10557664e+00  
  37    1.56820471e-02   1.08924937e+00  
  38    1.47006684e-02   6.66962231e-01  
  39    1.41569279e-02   6.42551806e-01  
  40    1.37993816e-02   4.50752731e-01  
  41    1.34814725e-02   3.71380657e-01  
  42    1.29583616e-02   5.82935220e-01  
  43    1.25379378e-02   6.74324353e-01  
  44    1.23341709e-02   6.80099908e-01  
  45    1.20603934e-02   2.48900375e-01  
  46    1.19455674e-02   3.33532608e-01  
  47    1.18721342e-02   1.76900503e-01  
  48    1.18205745e-02   2.41022497e-01  
  49    1.17815102e-02   1.35783954e-01  
  50    1.12354644e-02   4.57571059e-01  
