 Problema  ......................... denschnd    
 Numero de variables  ..............   3   
 Numero de restricciones ...........   0 

 ITER         f                ||g||   

   0    3.49530797e+07   2.44435480e+07  
   1    9.35097430e+06   8.27494417e+06  
   2    1.13057704e+06   7.76929435e+05  
   3    3.61863637e+05   8.10038046e+05  
   4    1.49283735e+05   6.98313439e+05  
   5    6.67423189e+04   2.99485168e+05  
   6    2.75939136e+04   1.24379000e+05  
   7    9.01765770e+03   3.65107507e+04  
   8    6.42271768e+03   1.80705577e+04  
   9    1.70529961e+03   5.91759601e+03  
  10    8.98713036e+01   2.08086222e+02  
  11    5.67354558e+01   2.30464713e+02  
  12    1.28831112e+01   8.29742837e+01  
  13    4.04751784e+00   3.38321976e+01  
  14    1.30665729e+00   1.29526847e+01  
  15    4.22319021e-01   4.87574031e+00  
  16    1.36512450e-01   1.83789065e+00  
  17    4.42314272e-02   6.99164042e-01  
  18    1.43984751e-02   2.69749882e-01  
  19    4.71884136e-03   1.05978098e-01  
  20    1.56000309e-03   4.25552308e-02  
  21    5.21160107e-04   1.75282228e-02  
  22    1.76238870e-04   7.43175853e-03  
  23    6.04203726e-05   3.25378487e-03  
  24    2.10287619e-05   1.47463526e-03  
  25    7.43907809e-06   6.92678019e-04  
  26    2.67766690e-06   3.37188306e-04  
