 Problema  ......................... djtl    
 Numero de variables  ..............   2   
 Numero de restricciones ...........   0 

 ITER         f                ||g||   

   0    3.91900737e+11   2.36327491e+12  
   1   -8.03987561e+03   1.22511943e+03  
   2   -8.11722427e+03   1.40638178e+03  
   3   -8.21978486e+03   2.23113858e+04  
   4   -8.21992371e+03   1.92504541e+04  
   5   -8.22004415e+03   1.69202539e+04  
   6   -8.22014833e+03   1.51204513e+04  
   7   -8.22207142e+03   1.09885861e+03  
   8   -8.22896035e+03   1.09387920e+03  
   9   -8.35427421e+03   1.08202967e+04  
  10   -8.35606312e+03   1.08718997e+03  
  11   -8.36153323e+03   1.06310947e+03  
  12   -8.49251100e+03   1.40936463e+04  
  13   -8.49353497e+03   1.16259848e+03  
  14   -8.50233431e+03   1.07606305e+03  
  15   -8.62791505e+03   1.60858649e+04  
  16   -8.62807598e+03   1.34762472e+04  
  17   -8.62895390e+03   1.17927772e+03  
  18   -8.63506860e+03   1.06287917e+03  
  19   -8.63923925e+03   1.09802811e+03  
  20   -8.75902449e+03   2.85686291e+04  
  21   -8.75921796e+03   2.32560629e+04  
  22   -8.76085644e+03   1.17320926e+03  
  23   -8.76496429e+03   1.04489598e+03  
  24   -8.91857487e+03   1.20230294e+04  
  25   -8.91868703e+03   1.04944515e+04  
  26   -8.94877668e+03   2.91691635e+04  
  27   -8.95118442e+03   2.11727416e+04  
  28   -8.95146944e+03   9.65749338e+03  
  29   -8.95153810e+03   1.96089618e+03  
  30   -8.95154465e+03   2.06944092e+02  
  31   -8.95154472e+03   2.51838807e+00  
