 Problema  ......................... eigenals    
 Numero de variables  .............. 110   
 Numero de restricciones ...........   0 

 ITER         f                ||g||   

   0    1.22165132e+02   1.12349986e+02  
   1    5.32009658e+01   9.27980815e+01  
   2    4.06194622e+01   5.69098190e+01  
   3    3.98039532e+01   5.41005402e+01  
   4    2.31918025e+01   5.87783792e+01  
   5    1.64582732e+01   4.56860735e+01  
   6    1.04032588e+01   3.13725537e+01  
   7    7.69916079e+00   3.42418490e+01  
   8    5.26578467e+00   2.04518412e+01  
   9    3.17235899e+00   1.90723594e+01  
  10    2.90706635e+00   9.65340550e+00  
  11    2.17441410e+00   9.27286905e+00  
  12    1.95291474e+00   1.03817183e+01  
  13    1.73418728e+00   8.31719801e+00  
  14    1.59222188e+00   2.48791644e+01  
  15    1.36074840e+00   1.26823516e+01  
  16    1.19241753e+00   3.68234223e+01  
  17    1.02162743e+00   3.72161979e+00  
  18    1.01461876e+00   2.64921506e+00  
  19    1.01164191e+00   5.83930616e+00  
  20    1.01003273e+00   7.96816990e+00  
  21    1.00904753e+00   9.48544971e+00  
  22    1.00748112e+00   1.17146682e+01  
  23    1.00640481e+00   1.34206369e+01  
  24    1.00611069e+00   1.39869313e+01  
  25    1.00592016e+00   1.44100500e+01  
  26    1.00522028e+00   1.58545643e+01  
  27    1.00513171e+00   1.60767210e+01  
  28    1.00508479e+00   1.62212672e+01  
  29    1.00506404e+00   1.63105513e+01  
  30    1.00497023e+00   1.60063233e+01  
  31    1.00489390e+00   1.57208971e+01  
  32    1.00483109e+00   1.54528685e+01  
  33    1.00477896e+00   1.52009079e+01  
  34    1.00473529e+00   1.49637630e+01  
  35    1.00469845e+00   1.47403030e+01  
  36    1.00466716e+00   1.45294793e+01  
  37    1.00464036e+00   1.43302705e+01  
  38    1.00461731e+00   1.41418784e+01  
  39    1.00459739e+00   1.39634943e+01  
  40    1.00458004e+00   1.37943384e+01  
  41    1.00456490e+00   1.36337977e+01  
  42    1.00455135e+00   1.34805152e+01  
  43    1.00453965e+00   1.33354504e+01  
  44    1.00452929e+00   1.31973103e+01  
  45    1.00452010e+00   1.30656343e+01  
