 Problema  ......................... eigenbls    
 Numero de variables  .............. 110   
 Numero de restricciones ...........   0 

 ITER         f                ||g||   

   0    8.17302475e+00   8.29274381e+00  
   1    5.62670808e+00   6.21586043e+00  
   2    3.22470293e+00   6.49306493e+00  
   3    2.59610779e+00   6.30765214e+00  
   4    1.18218824e+00   2.46486219e+00  
   5    1.15022540e+00   2.14063694e+00  
   6    1.11573741e+00   2.15868006e+00  
   7    9.53334795e-01   3.39480878e+00  
   8    7.09170859e-01   3.56780625e+00  
   9    6.02341400e-01   1.08612062e+00  
  10    5.65317295e-01   1.28661530e+00  
  11    5.30297872e-01   1.77954371e+00  
  12    4.12497196e-01   2.61313736e+00  
  13    3.96335336e-01   1.89170392e+00  
  14    3.60414994e-01   1.67363641e+00  
  15    3.55743109e-01   1.61181891e+00  
  16    3.51802794e-01   1.61096929e+00  
  17    2.54421442e-01   2.01104027e+00  
  18    1.58861595e-01   1.02651857e+00  
  19    1.58278564e-01   1.03870614e+00  
  20    1.22666088e-01   1.76636967e+00  
  21    6.60454459e-02   3.13750352e-01  
  22    6.06200750e-02   4.26757006e-01  
  23    4.09636486e-02   7.68413046e-01  
  24    2.27445864e-02   2.75072616e-01  
  25    1.58603215e-02   4.97215694e-01  
  26    9.92979529e-03   1.55294373e-01  
  27    8.00178790e-03   2.57794772e-01  
  28    5.96403548e-03   1.54097111e-01  
  29    5.04500378e-03   2.14836886e-01  
  30    4.05367874e-03   8.65436601e-02  
  31    3.51965183e-03   1.63946739e-01  
  32    2.76619066e-03   1.11747418e-01  
  33    2.26572712e-03   2.11973881e-01  
  34    1.61810241e-03   4.47059392e-02  
  35    1.32286485e-03   1.23550731e-01  
  36    9.79845530e-04   6.51748134e-02  
  37    8.02159355e-04   1.25727162e-01  
  38    6.07639542e-04   3.57774057e-02  
  39    5.38021985e-04   9.44630168e-02  
  40    4.35892716e-04   2.64945939e-02  
  41    4.00572449e-04   7.40861407e-02  
  42    3.32719681e-04   2.61181813e-02  
  43    2.94178120e-04   7.78410114e-02  
  44    2.28819292e-04   1.66092090e-02  
  45    1.97261997e-04   4.31794860e-02  
  46    1.63822359e-04   3.17143147e-02  
  47    1.31833609e-04   3.65193556e-02  
  48    9.48784342e-05   2.82704154e-02  
  49    7.30390559e-05   2.63884931e-02  
  50    5.17988449e-05   2.15614543e-02  
