 Problema  ......................... engval2    
 Numero de variables  ..............   3   
 Numero de restricciones ...........   0 

 ITER         f                ||g||   

   0    3.68649283e+02   5.18200585e+01  
   1    2.73952676e+02   3.15308773e+02  
   2    1.47231997e+02   5.32069345e+02  
   3    4.79492754e+01   1.47234766e+02  
   4    1.50724716e+01   1.67457098e+02  
   5    4.34335366e+00   5.67135574e+01  
   6    9.87577409e-01   3.58837569e+01  
   7    1.73970000e-01   1.43374165e+01  
   8    4.06848457e-02   8.12367666e+00  
   9    1.00510298e-02   2.94668353e+00  
  10    2.15638421e-03   1.65057557e+00  
  11    5.20968021e-04   4.13231972e-01  
  12    3.02696963e-04   1.33625313e+00  
  13    6.96116493e-06   1.30469374e-01  
  14    5.82705699e-06   2.62100121e-03  
