 Problema  ......................... errinros    
 Numero de variables  ..............  50   
 Numero de restricciones ...........   0 

 ITER         f                ||g||   

   0    2.16509137e+04   3.59000287e+04  
   1    4.41160496e+03   1.07364216e+04  
   2    9.22870280e+02   3.16062674e+03  
   3    7.79141370e+02   2.77216478e+03  
   4    1.96141597e+02   7.87991782e+02  
   5    1.77016054e+02   7.23722472e+02  
   6    7.75667892e+01   2.02803989e+02  
   7    7.28323286e+01   1.88352105e+02  
   8    5.73705508e+01   7.22703317e+01  
   9    5.32747483e+01   6.52688466e+01  
  10    5.15339575e+01   6.18607171e+01  
  11    5.06827240e+01   5.84861584e+01  
  12    4.93465835e+01   5.01617145e+01  
  13    4.71530319e+01   3.61457748e+01  
  14    4.61635897e+01   3.02179243e+01  
  15    4.54715614e+01   2.93298872e+01  
  16    4.45678864e+01   2.44693578e+01  
  17    4.40082874e+01   2.10581823e+01  
  18    4.38286214e+01   2.05019535e+01  
  19    4.38117149e+01   2.05930902e+01  
  20    4.27158222e+01   2.05092325e+01  
  21    4.18331493e+01   6.49616873e+00  
  22    4.16317579e+01   7.56291934e+00  
  23    4.15547907e+01   6.79873346e+00  
  24    4.13599975e+01   6.02289284e+00  
  25    4.11136188e+01   2.52322848e+00  
  26    4.09885249e+01   8.30346760e-01  
  27    4.08232059e+01   1.24086045e+00  
  28    4.06782760e+01   3.01925834e+00  
  29    4.05489628e+01   4.03082982e+00  
  30    4.04384841e+01   5.98329436e+00  
  31    4.03379234e+01   5.25486287e+00  
  32    4.02593864e+01   9.48865629e+00  
  33    4.01805085e+01   4.07824769e+00  
  34    4.01340402e+01   9.63227469e+00  
  35    4.00773121e+01   4.95063769e+00  
  36    4.00475195e+01   1.57772044e+01  
  37    3.99976234e+01   1.59370229e+00  
  38    3.99774233e+01   9.76126043e+00  
  39    3.99521532e+01   3.47324691e+00  
  40    3.99387920e+01   7.58317312e+00  
  41    3.99246640e+01   3.30785552e+00  
  42    3.99175113e+01   8.30692649e+00  
  43    3.99097737e+01   9.75188239e-01  
  44    3.99070739e+01   3.40831007e+00  
  45    3.99050868e+01   1.10311485e+00  
  46    3.99043843e+01   1.38741689e+00  
  47    3.99041796e+01   1.53992072e-01  
  48    3.99041638e+01   2.15758143e-01  
  49    3.99041637e+01   2.15792089e-01  
