 Problema  ......................... genhumps    
 Numero de variables  ..............   5   
 Numero de restricciones ...........   0 

 ITER         f                ||g||   

   0    9.76134147e+04   1.78034916e+02  
   1    6.91053596e+04   1.45331238e+02  
   2    6.73346250e+04   1.47222626e+02  
   3    4.74113561e+04   1.22992213e+02  
   4    3.36878230e+04   1.01340025e+02  
   5    2.42992932e+04   8.22232845e+01  
   6    1.79180838e+04   6.95305897e+01  
   7    1.33629730e+04   6.02028296e+01  
   8    1.00180348e+04   5.28404039e+01  
   9    7.53128118e+03   4.09650432e+01  
  10    4.44226760e+03   3.30539145e+01  
  11    3.45352566e+03   2.91593740e+01  
  12    2.69856347e+03   2.52148437e+01  
  13    2.12216888e+03   2.17926771e+01  
  14    1.68334819e+03   1.78167979e+01  
  15    1.08419912e+03   1.50520143e+01  
  16    8.71411120e+02   1.28521041e+01  
  17    5.68340760e+02   1.11851664e+01  
  18    4.58081874e+02   1.01581200e+01  
  19    3.71748824e+02   8.75399395e+00  
  20    3.06248629e+02   7.06623797e+00  
  21    1.31802524e+02   5.16978492e+00  
  22    1.10117741e+02   5.16903103e+00  
  23    9.21884539e+01   5.93453363e+00  
  24    7.04181666e+01   5.81412584e+00  
  25    5.57347170e+01   5.14906503e+00  
  26    4.11068911e+01   5.08557733e+00  
  27    4.08571161e+01   3.23846919e+00  
  28    3.31306785e+01   4.14309831e+00  
  29    2.73446208e+01   4.74740810e+00  
  30    2.30600477e+01   4.25691111e+00  
  31    1.66700472e+01   3.55896958e+00  
  32    1.43633460e+01   5.07506817e+00  
  33    9.76065642e+00   1.18927431e+00  
  34    9.54249911e+00   9.31019102e-01  
  35    8.83024639e+00   1.56226199e+00  
  36    5.42959432e+00   1.03205596e+00  
  37    5.32212454e+00   1.03314831e+00  
  38    3.02687080e+00   2.63111575e+00  
  39    1.60398643e+00   1.82112555e+00  
  40    1.50167963e+00   8.61078851e-01  
  41    1.41978242e+00   1.34642383e-01  
  42    1.41585273e+00   1.68139156e-01  
  43    1.41068226e+00   1.88248543e-01  
  44    1.40360200e+00   2.59455039e-01  
  45    1.39602655e+00   2.08025898e-01  
  46    1.36243946e+00   7.54567789e-01  
  47    1.31704191e+00   7.09393101e-01  
  48    1.19687675e+00   6.87199780e-01  
  49    1.03139811e+00   6.90820639e-01  
  50    9.04824230e-01   6.45074708e-01  
