 Problema  ......................... growthls    
 Numero de variables  ..............   3   
 Numero de restricciones ...........   0 

 ITER         f                ||g||   

   0    1.19300732e+04   2.43753875e+05  
   1    9.77765046e+02   2.43696169e+04  
   2    1.82086981e+02   9.05391562e+03  
   3    3.01640893e+01   1.55362337e+03  
   4    2.79460076e+01   2.28013856e+01  
   5    2.75887328e+01   2.75208578e+02  
   6    2.75230431e+01   2.36689477e+01  
   7    2.75225505e+01   3.05474603e+00  
   8    2.75220874e+01   2.22522659e+01  
   9    2.75216520e+01   2.87311562e+00  
  10    2.75214290e+01   3.51119017e+01  
  11    2.75203574e+01   2.57825664e+00  
  12    2.75197332e+01   2.55868496e+01  
  13    2.75191624e+01   2.28586133e+00  
  14    2.75186591e+01   2.26021332e+01  
  15    2.75182136e+01   2.02407099e+00  
  16    2.75178194e+01   2.00049153e+01  
  17    2.75174703e+01   1.79236614e+00  
  18    2.75172069e+01   2.45339900e+01  
  19    2.75166842e+01   1.50581609e+00  
  20    2.75162755e+01   1.95544994e+01  
  21    2.75159434e+01   1.17857690e+00  
  22    2.75156846e+01   1.52321933e+01  
  23    2.75156040e+01   1.19041843e+01  
  24    2.75154805e+01   9.17689254e-01  
  25    2.75153839e+01   1.30315054e+01  
  26    2.75152363e+01   7.41897963e-01  
  27    2.75151264e+01   1.12188966e+01  
  28    2.75150699e+01   7.85383474e+00  
  29    2.75150163e+01   5.82353578e-01  
  30    2.75150144e+01   1.38304751e+00  
