 Problema  ......................... hairy    
 Numero de variables  ..............   2   
 Numero de restricciones ...........   0 

 ITER         f                ||g||   

   0    5.10137571e+02   2.32445560e+02  
   1    3.54434000e+02   2.90878693e+02  
   2    3.35260300e+02   5.50932350e+01  
   3    3.18328740e+02   9.55658530e+01  
   4    2.08959366e+02   1.91305522e+02  
   5    7.43553275e+01   1.44145652e+02  
   6    5.62407264e+01   1.23243496e+02  
   7    5.49133601e+01   5.07775698e+01  
   8    5.41855318e+01   2.09266527e+01  
   9    4.46009175e+01   1.84156512e+02  
  10    3.89674169e+01   1.61815723e+02  
  11    2.48732361e+01   8.74005806e+01  
  12    2.01099741e+01   3.29767810e+01  
  13    2.00000124e+01   2.52807913e-01  
  14    2.00000000e+01   5.89310520e-07  
