 Problema  ......................... hatfldd    
 Numero de variables  ..............   3   
 Numero de restricciones ...........   0 

 ITER         f                ||g||   

   0    3.11209637e+00   9.22643943e+00  
   1    4.01264327e-01   1.06185878e+00  
   2    6.23597428e-02   1.12352453e+00  
   3    1.38873105e-03   3.50591456e-02  
   4    1.27376678e-03   2.69634110e-02  
   5    8.00001882e-04   1.08731198e-01  
   6    2.07412555e-04   7.27831241e-03  
   7    1.12489510e-04   2.30182190e-02  
   8    4.52964452e-05   1.33503425e-02  
   9    1.66626884e-05   9.97025975e-03  
  10    5.10567923e-06   4.63215866e-03  
  11    1.31295587e-06   3.03785315e-03  
