 Problema  ......................... heart6ls    
 Numero de variables  ..............   6   
 Numero de restricciones ...........   0 

 ITER         f                ||g||   

   0    4.88258553e+02   8.99315346e+02  
   1    1.43225173e+02   6.18709569e+02  
   2    8.06237398e+01   1.18618191e+02  
   3    6.18001316e+01   3.10830995e+02  
   4    3.93821600e+01   1.73051026e+02  
   5    3.92393211e+01   1.75790529e+02  
   6    3.13202345e+01   2.57104501e+02  
   7    1.94585611e+01   3.99719164e+02  
   8    1.90821316e+01   3.83990166e+02  
   9    1.90818738e+01   3.83604443e+02  
  10    1.90818726e+01   3.83577990e+02  
