 Problema  ......................... helix    
 Numero de variables  ..............   3   
 Numero de restricciones ...........   0 

 ITER         f                ||g||   

   0    2.47524752e+01   1.57583799e+01  
   1    1.84817638e+01   3.26614368e+01  
   2    1.24299691e+01   3.31034687e+01  
   3    7.58668574e+00   1.52175087e+01  
   4    5.47497661e+00   1.86691902e+01  
   5    3.04977805e+00   1.09998682e+01  
   6    1.78563126e+00   1.61167137e+01  
   7    6.81809147e-01   5.98096252e+00  
   8    3.04760938e-01   6.53741240e+00  
   9    6.94802255e-02   2.05597158e+00  
  10    9.29101508e-03   1.53124797e+00  
  11    2.05143463e-04   1.21713474e-01  
  12    1.84535007e-07   7.51171367e-03  
  13    1.34138196e-07   6.19986947e-04  
