 Problema  ......................... himmelbf    
 Numero de variables  ..............   4   
 Numero de restricciones ...........   0 

 ITER         f                ||g||   

   0    8.04729852e+03   1.29788341e+04  
   1    1.55146141e+03   2.34986507e+03  
   2    8.60032916e+02   2.14673582e+02  
   3    8.57198294e+02   1.41950725e+02  
   4    8.56053387e+02   1.02257148e+02  
   5    8.54112339e+02   6.20744059e+01  
   6    8.53290109e+02   4.13712782e+01  
   7    8.52885655e+02   2.90366210e+01  
   8    8.48474688e+02   1.36681474e+01  
   9    8.47375516e+02   6.22033892e+00  
  10    8.47101251e+02   3.03211388e+00  
  11    8.47032716e+02   1.50626223e+00  
  12    8.47015585e+02   7.51905581e-01  
  13    8.47011302e+02   3.75799561e-01  
  14    8.47010231e+02   1.87880626e-01  
  15    8.47009963e+02   9.39379185e-02  
  16    8.47009897e+02   4.69686599e-02  
  17    8.47009880e+02   2.34842926e-02  
  18    8.47009876e+02   1.17421416e-02  
