 Problema  ......................... humps    
 Numero de variables  ..............   2   
 Numero de restricciones ...........   0 

 ITER         f                ||g||   

   0    2.01800753e+04   5.64821577e+01  
   1    1.68304006e+03   1.14771806e+01  
   2    1.48165314e+03   1.68559183e+01  
   3    1.40120339e+03   1.65574346e+01  
   4    5.11932053e+02   1.04034087e+01  
   5    4.12371880e+02   1.21183092e+01  
   6    4.12331931e+02   1.38758315e+01  
   7    3.00059484e+02   8.34329455e+00  
   8    2.39146315e+02   8.85196021e+00  
   9    2.23504956e+02   6.12108815e+00  
  10    1.84487684e+02   3.82105896e+00  
  11    1.43152897e+02   3.87928784e+00  
  12    1.25682501e+02   7.97071203e+00  
  13    1.24523923e+02   1.57993597e+01  
  14    1.24391315e+02   4.93380943e+00  
  15    4.46808069e+01   3.93649512e+00  
  16    2.07246797e+01   3.51015450e+00  
  17    1.73642194e+01   1.94530592e+00  
  18    1.39315981e+01   6.21575192e-01  
  19    1.38891833e+01   1.40832074e+00  
  20    1.23841619e+01   6.41626455e-01  
  21    1.06723162e+01   8.44817527e-01  
  22    1.06717772e+01   3.72348092e-01  
  23    1.04039374e+01   1.36853446e+00  
  24    7.33525614e+00   1.84523383e+00  
  25    4.63198113e+00   5.48781357e+00  
  26    4.58220928e+00   8.10348827e-01  
  27    4.03696621e+00   2.41191705e+00  
  28    2.21136443e+00   5.12631651e-01  
  29    2.21114900e+00   9.32110982e-02  
  30    2.21099788e+00   6.57695675e-01  
  31    2.17524424e+00   6.54421032e-01  
  32    1.39916798e+00   1.47226577e+00  
  33    1.39734984e+00   6.06684534e-01  
  34    9.16813782e-01   7.14483459e-02  
  35    9.16806453e-01   5.19088544e-02  
