 Problema  ......................... osborneb    
 Numero de variables  ..............  11   
 Numero de restricciones ...........   0 

 ITER         f                ||g||   

   0    1.23510050e+00   4.97484387e+00  
   1    8.77488930e-01   2.64399446e+00  
   2    6.84536419e-01   3.46755557e+00  
   3    5.44569792e-01   8.04068065e+00  
   4    4.22107715e-01   1.29454430e+00  
   5    3.74171568e-01   3.72162710e+00  
   6    2.45788629e-01   3.55373615e+00  
   7    1.60705768e-01   1.38566631e+00  
   8    1.18473190e-01   7.24233558e-01  
   9    1.16760090e-01   3.83070146e-01  
  10    1.15481904e-01   6.01721165e-01  
  11    1.14992054e-01   6.71561518e-01  
  12    1.13632935e-01   2.61074711e-01  
  13    1.12663452e-01   5.35499940e-01  
  14    1.11795534e-01   2.10666559e-01  
  15    1.11078708e-01   4.57443366e-01  
  16    1.10515642e-01   2.77681869e-01  
  17    1.10224620e-01   2.31545555e-01  
  18    1.10030937e-01   3.31226237e-01  
  19    1.09701839e-01   2.21637742e-01  
  20    1.09533762e-01   3.02032687e-01  
  21    1.09251675e-01   1.97412625e-01  
  22    1.09079012e-01   2.44709554e-01  
  23    1.08869266e-01   1.75600975e-01  
  24    1.08708177e-01   2.17050891e-01  
  25    1.08533211e-01   1.63510531e-01  
  26    1.08388374e-01   2.00654728e-01  
  27    1.08235416e-01   1.53306545e-01  
  28    1.08105010e-01   1.87221077e-01  
  29    1.07969683e-01   1.44447031e-01  
  30    1.07851906e-01   1.75776186e-01  
  31    1.07731145e-01   1.36633459e-01  
  32    1.07624394e-01   1.65809201e-01  
  33    1.07515889e-01   1.29671967e-01  
  34    1.07418776e-01   1.57004043e-01  
  35    1.07320711e-01   1.23424520e-01  
  36    1.07232046e-01   1.49146687e-01  
  37    1.07142957e-01   1.17787270e-01  
  38    1.07061716e-01   1.42083144e-01  
  39    1.06980400e-01   1.12679025e-01  
  40    1.06905701e-01   1.35697446e-01  
  41    1.06831158e-01   1.08034390e-01  
  42    1.06762242e-01   1.29899027e-01  
  43    1.06693628e-01   1.03799416e-01  
  44    1.06629836e-01   1.24615014e-01  
  45    1.06566436e-01   9.99286998e-02  
  46    1.06507197e-01   1.19785303e-01  
  47    1.06448402e-01   9.63833920e-02  
  48    1.06393216e-01   1.15359311e-01  
  49    1.06338502e-01   9.31298034e-02  
  50    1.06286937e-01   1.11293756e-01  
