 Problema  ......................... rosenbr    
 Numero de variables  ..............   2   
 Numero de restricciones ...........   0 

 ITER         f                ||g||   

   0    4.73188433e+00   4.63942621e+00  
   1    4.11674670e+00   3.08604987e+01  
   2    3.21780585e+00   1.01001079e+01  
   3    2.74722834e+00   1.65900728e+01  
   4    2.12559553e+00   8.87539589e+00  
   5    1.75156955e+00   1.31354755e+01  
   6    1.22114885e+00   3.23165793e+00  
   7    9.83089328e-01   6.85159209e+00  
   8    6.79807511e-01   2.91420057e+00  
   9    5.09341010e-01   5.61591097e+00  
  10    3.24043365e-01   2.48786534e+00  
  11    2.31873108e-01   8.37923975e+00  
  12    1.10506592e-01   7.21767033e-01  
  13    6.69037737e-02   3.79816383e+00  
  14    2.85578333e-02   1.68723700e+00  
  15    1.07491858e-02   2.57986237e+00  
  16    2.23642112e-03   4.52634003e-01  
  17    2.61452110e-04   5.79348319e-01  
  18    3.90731970e-06   1.93145588e-02  
  19    1.64775279e-09   1.56540211e-03  
