 Problema  ......................... sineval    
 Numero de variables  ..............   2   
 Numero de restricciones ...........   0 

 ITER         f                ||g||   

   0    5.32322128e+00   1.48451285e+01  
   1    5.05301140e+00   2.26926769e+01  
   2    4.73024538e+00   9.75996672e+00  
   3    4.53280176e+00   1.77369811e+01  
   4    4.24282302e+00   1.80016478e+01  
   5    3.95205577e+00   1.99427129e+01  
   6    3.64532556e+00   1.93840748e+01  
   7    3.32798008e+00   2.46713520e+01  
   8    2.94290672e+00   2.00819304e+01  
   9    2.34979588e+00   2.56441559e+01  
  10    2.26670224e+00   1.07002957e+00  
  11    1.93736946e+00   2.11210582e+01  
  12    1.71272764e+00   2.90675543e+01  
  13    1.48195712e+00   7.74604086e+00  
  14    1.37527360e+00   1.93789304e+01  
  15    1.22043523e+00   8.47408815e+00  
  16    1.13176363e+00   1.46830934e+01  
  17    1.01192728e+00   8.26605588e+00  
  18    9.48189696e-01   1.94855303e+01  
  19    8.17643780e-01   2.91087969e+00  
  20    7.60393734e-01   9.72820761e+00  
  21    6.79250843e-01   7.63913078e+00  
  22    6.11420320e-01   1.03404973e+01  
  23    5.38148723e-01   4.98058707e+00  
  24    4.91766416e-01   9.21406718e+00  
  25    4.28991904e-01   5.17413600e+00  
  26    3.94552875e-01   1.43539317e+01  
  27    3.23054532e-01   1.88440267e+00  
  28    2.92662087e-01   1.07177042e+01  
  29    2.41595802e-01   3.10079663e+00  
  30    2.13092371e-01   8.31851372e+00  
  31    1.72858279e-01   4.67093906e+00  
  32    1.48186775e-01   1.22855059e+01  
  33    1.06981325e-01   1.90014080e+00  
  34    8.70920724e-02   7.82727131e+00  
  35    6.03410201e-02   3.63561591e+00  
  36    4.46881452e-02   1.01585085e+01  
  37    2.17653114e-02   1.36686790e+00  
  38    1.14019840e-02   5.03337271e+00  
  39    2.81049838e-03   1.28853952e+00  
  40    1.38028760e-04   7.50832528e-01  
  41    2.15265150e-08   3.88449004e-03  
  42    1.01545521e-19   2.04534071e-08  
