 Problema  ......................... train    
 Numero de variables  ..............  31   
 Numero de restricciones ...........   0 

 ITER         f                ||g||   

   0    1.20626685e+02   2.01554711e+02  
   1    6.88589705e+01   7.89405583e+01  
   2    4.46918437e+01   3.19953131e+01  
   3    3.25792362e+01   1.27881678e+01  
   4    2.61242858e+01   5.20808621e+00  
   5    2.11738909e+01   2.44076042e+00  
   6    1.89302237e+01   1.09753386e+00  
   7    1.83355678e+01   2.73299189e-01  
   8    1.82783223e+01   3.06948525e-02  
   9    1.82771989e+01   9.65728587e-04  
  10    1.82771980e+01   4.25739537e-05  
  11    1.82771980e+01   5.58495102e-05  
  12    1.82771980e+01   9.75031356e-05  
  13    1.82771980e+01   4.66972113e-05  
  14    1.82771980e+01   8.84640508e-05  
  15    1.82771980e+01   4.58475758e-05  
  16    1.82771980e+01   8.67558141e-05  
  17    1.82771980e+01   4.56412095e-05  
  18    1.82771980e+01   8.62620263e-05  
  19    1.82771980e+01   4.55045011e-05  
  20    1.82771980e+01   8.59742686e-05  
  21    1.82771980e+01   4.53761986e-05  
  22    1.82771980e+01   8.57253625e-05  
  23    1.82771980e+01   4.52495734e-05  
  24    1.82771980e+01   8.54849881e-05  
  25    1.82771980e+01   4.51238114e-05  
  26    1.82771980e+01   8.52473431e-05  
  27    1.82771980e+01   4.49987076e-05  
  28    1.82771980e+01   8.50110508e-05  
  29    1.82771980e+01   4.48742184e-05  
  30    1.82771980e+01   8.47763102e-05  
  31    1.82771980e+01   4.47501931e-05  
  32    1.82771980e+01   8.45422750e-05  
  33    1.82771980e+01   4.46267001e-05  
  34    1.82771980e+01   8.43090882e-05  
  35    1.82771980e+01   4.45037004e-05  
  36    1.82771980e+01   8.40769845e-05  
  37    1.82771980e+01   4.43811286e-05  
  38    1.82771980e+01   8.38454561e-05  
  39    1.82771980e+01   4.42589946e-05  
  40    1.82771980e+01   8.36150571e-05  
  41    1.82771980e+01   4.41372838e-05  
  42    1.82771980e+01   8.33850796e-05  
  43    1.82771980e+01   4.40160382e-05  
  44    1.82771980e+01   8.31561502e-05  
  45    1.82771980e+01   4.38951911e-05  
  46    1.82771980e+01   8.29280993e-05  
  47    1.82771980e+01   4.37746973e-05  
  48    1.82771980e+01   8.27002562e-05  
  49    1.82771980e+01   4.36547081e-05  
  50    1.82771980e+01   8.24737245e-05  
