 Problema  ......................... trainReor    
 Numero de variables  ..............  31   
 Numero de restricciones ...........   0 

 ITER         f                ||g||   

   0    1.21877299e+02   2.01069247e+02  
   1    7.02690568e+01   7.88700646e+01  
   2    4.60625776e+01   3.18671764e+01  
   3    3.38714972e+01   1.29138029e+01  
   4    2.64885776e+01   5.54396222e+00  
   5    2.05696593e+01   2.55520150e+00  
   6    1.79214891e+01   1.13577468e+00  
   7    1.71915145e+01   3.53171588e-01  
   8    1.70911427e+01   7.29383170e-02  
   9    1.70864070e+01   4.19747623e-03  
  10    1.70863980e+01   7.01800854e-05  
  11    1.70863980e+01   7.21750875e-05  
  12    1.70863980e+01   9.03926062e-05  
  13    1.70863980e+01   1.03713272e-04  
  14    1.70863979e+01   6.41337266e-06  
