 Problema  ......................... vardim    
 Numero de variables  ..............  10   
 Numero de restricciones ...........   0 

 ITER         f                ||g||   

   0    4.34454998e+05   1.32764610e+06  
   1    8.59131285e+04   3.93451398e+05  
   2    1.71053908e+04   1.16628016e+05  
   3    3.37301344e+03   3.45896206e+04  
   4    6.74975442e+02   1.02708267e+04  
   5    1.35751451e+02   3.05780910e+03  
   6    2.80123568e+01   9.15599048e+02  
   7    5.99960440e+00   2.77431266e+02  
   8    1.33102263e+00   8.58761727e+01  
   9    2.77096611e-01   2.70988081e+01  
  10    3.42753427e-02   7.63003777e+00  
  11    4.03154307e-04   7.89442214e-01  
  12    1.03137935e-09   1.26192302e-03  
