 Problema  ......................... watson    
 Numero de variables  ..............  31   
 Numero de restricciones ...........   0 

 ITER         f                ||g||   

   0    1.52722208e+00   7.88067719e+01  
   1    2.43786053e-01   1.00077539e+01  
   2    1.35100076e-01   2.34173455e+01  
   3    5.24081499e-02   4.92266156e+00  
   4    2.98275435e-02   1.62731587e+01  
   5    8.90491255e-03   1.65785599e+00  
   6    4.35980531e-03   8.06484282e+00  
   7    6.49503490e-04   3.65827869e-01  
   8    1.64386157e-04   1.20370046e+00  
   9    1.23436259e-04   2.06163885e-01  
  10    1.20959607e-04   2.07214339e-01  
