 Problema  ......................... yfitu    
 Numero de variables  ..............   3   
 Numero de restricciones ...........   0 

 ITER         f                ||g||   

   0    1.95689162e+02   1.57760661e+03  
   1    7.09508682e+01   4.30055391e+02  
   2    3.17581769e+01   4.44021078e+02  
   3    1.73073374e+01   1.71130711e+02  
   4    1.03218744e+01   2.57198940e+02  
   5    6.32625446e+00   1.21130931e+02  
   6    4.20336658e+00   2.09241559e+02  
   7    2.72402838e+00   6.79202973e+01  
   8    2.05029502e+00   2.22293066e+02  
   9    1.28606023e+00   2.29945312e+01  
  10    9.91552927e-01   1.00143383e+02  
  11    6.99981680e-01   5.70309200e+01  
  12    5.21922503e-01   9.95648402e+01  
  13    3.65041936e-01   2.85502447e+01  
  14    3.03026036e-01   8.51713661e+01  
  15    2.11086210e-01   2.11017821e+01  
  16    1.76317631e-01   7.54664147e+01  
  17    1.65077932e-01   1.07679705e+02  
  18    1.60649646e-01   1.30187265e+02  
  19    7.30673549e-02   1.77907124e+00  
  20    5.65064476e-02   3.19825311e+01  
  21    4.89764685e-02   4.57127612e+01  
  22    4.41016917e-02   5.42447483e+01  
  23    4.05438054e-02   6.02277743e+01  
  24    3.77856178e-02   6.47044185e+01  
  25    3.55684157e-02   6.81914880e+01  
  26    3.37424151e-02   7.09825362e+01  
  27    3.22123335e-02   7.32601434e+01  
  28    3.09134499e-02   7.51454950e+01  
  29    2.97996343e-02   7.67230569e+01  
  30    2.88367761e-02   7.80539892e+01  
  31    2.79989133e-02   7.91839497e+01  
  32    2.72658199e-02   8.01478854e+01  
  33    2.66214349e-02   8.09731074e+01  
  34    2.60527993e-02   8.16813371e+01  
  35    2.55493152e-02   8.22901111e+01  
  36    2.51022149e-02   8.28137721e+01  
  37    2.47041727e-02   8.32641825e+01  
  38    2.43490140e-02   8.36512504e+01  
  39    2.40314949e-02   8.39833233e+01  
  40    2.37471322e-02   8.42674881e+01  
  41    2.34920699e-02   8.45098016e+01  
  42    2.32629740e-02   8.47154720e+01  
  43    2.30569483e-02   8.48890013e+01  
  44    2.28714660e-02   8.50342997e+01  
  45    2.27043140e-02   8.51547780e+01  
  46    2.25535479e-02   8.52534221e+01  
  47    2.24174532e-02   8.53328547e+01  
  48    2.22945144e-02   8.53953864e+01  
  49    2.21833885e-02   8.54430580e+01  
  50    2.20828821e-02   8.54776760e+01  
