1.21996954e+00 
7.46207078e-01 
4.33746129e-01 
1.84031610e-01 
1.62526627e-01 
1.62526627e-01 
1.22673610e-01 
5.67449551e-02 
5.14027948e-02 
5.09816516e-02 
5.05527773e-02 
4.17085453e-02 
3.98418965e-02 
3.88992071e-02 
3.79742301e-02 
3.79742301e-02 
2.73831363e-02 
1.87291812e-02 
1.41602552e-02 
1.05456647e-02 
2.27984325e-04 
7.63926276e-05 
4.49958270e-05 
2.52555841e-06 
3.98154985e-07 
3.98154985e-07 
3.98154985e-07 
3.98154985e-07 
2.41770275e-07 
1.61064356e-07 
6.76742187e-08 
3.27856676e-08 
7.59494579e-09 
1.94061574e-09 
5.01605082e-11 
1.85882658e-13 
7.48705280e-19 
