9.99997000e+11 
9.99995000e+11 
9.99991000e+11 
9.99983000e+11 
9.99967001e+11 
9.99935002e+11 
9.99871008e+11 
9.99743026e+11 
9.99487123e+11 
9.99015121e+11 
9.98968620e+11 
9.98936970e+11 
9.98897430e+11 
9.98868586e+11 
9.98833961e+11 
9.98807435e+11 
9.98776473e+11 
9.98751882e+11 
9.98723765e+11 
9.98700806e+11 
9.98674970e+11 
9.98653409e+11 
9.98629446e+11 
9.98609093e+11 
9.98586702e+11 
9.98567405e+11 
9.98546354e+11 
9.98527989e+11 
9.98508094e+11 
9.98490559e+11 
9.98471676e+11 
9.98454883e+11 
9.98436893e+11 
9.97462918e+11 
9.97412674e+11 
9.96474942e+11 
9.96389723e+11 
9.94568137e+11 
9.94394120e+11 
9.92658679e+11 
9.92400624e+11 
9.90735229e+11 
9.90409172e+11 
9.88796702e+11 
9.88419742e+11 
9.86846039e+11 
9.86432325e+11 
9.84886793e+11 
9.84446916e+11 
9.82921951e+11 
9.82463512e+11 
9.80953737e+11 
9.80482111e+11 
9.78983728e+11 
9.78502714e+11 
9.77013020e+11 
9.76525318e+11 
9.75042376e+11 
9.74549923e+11 
9.73072329e+11 
9.72576530e+11 
9.71103252e+11 
9.70605138e+11 
9.69135412e+11 
9.68635746e+11 
9.67169002e+11 
9.66668356e+11 
9.65204161e+11 
9.64702965e+11 
9.63240993e+11 
9.62739576e+11 
9.61279574e+11 
9.60778186e+11 
9.59319961e+11 
9.58818797e+11 
9.57362198e+11 
9.56861408e+11 
9.55406319e+11 
9.54906020e+11 
9.53452349e+11 
9.52952632e+11 
9.51500308e+11 
9.51001244e+11 
9.49550212e+11 
9.49051856e+11 
9.47602073e+11 
9.47104468e+11 
9.45655900e+11 
9.45159080e+11 
9.43711702e+11 
9.43215693e+11 
9.41769483e+11 
9.41274305e+11 
9.39829250e+11 
9.39334918e+11 
9.37891006e+11 
9.37397531e+11 
9.35954754e+11 
9.35462144e+11 
9.34020497e+11 
9.33528757e+11 
