6.02209109e+03 
3.65920562e+03 
1.14660210e+03 
1.93149871e+02 
6.52314515e+01 
4.91380806e+01 
4.74348810e+01 
4.58388009e+01 
4.58388009e+01 
4.58388009e+01 
4.52932101e+01 
4.45161529e+01 
4.45161529e+01 
4.36776867e+01 
4.32543573e+01 
4.15566381e+01 
4.15566381e+01 
4.07964234e+01 
4.07964234e+01 
4.05463324e+01 
3.99854233e+01 
3.90993083e+01 
3.74510974e+01 
3.74510974e+01 
3.66627861e+01 
3.60140335e+01 
3.39314866e+01 
3.39314866e+01 
3.29565542e+01 
3.29565542e+01 
3.25714543e+01 
3.19864273e+01 
3.07810221e+01 
2.87656713e+01 
2.87656713e+01 
2.61632382e+01 
2.61632382e+01 
2.51472945e+01 
2.51472945e+01 
2.47808895e+01 
2.41238740e+01 
2.32174054e+01 
2.11421977e+01 
2.11421977e+01 
2.00867761e+01 
1.97663459e+01 
1.71792142e+01 
1.71792142e+01 
1.62644438e+01 
1.58279253e+01 
1.41334000e+01 
1.34610151e+01 
1.19045277e+01 
1.09339407e+01 
1.01372008e+01 
8.69330802e+00 
8.69330802e+00 
8.13294662e+00 
8.13294662e+00 
7.90527625e+00 
7.52863981e+00 
6.58326487e+00 
6.58326487e+00 
5.78725721e+00 
5.12582970e+00 
3.25859293e+00 
3.25859293e+00 
2.27597014e+00 
2.27597014e+00 
1.69611807e+00 
9.85515582e-01 
9.85515582e-01 
4.27957177e-01 
3.50161703e-02 
2.88466002e-05 
1.36982666e-10 
3.73872373e-21 
