1.96528186e+02 
7.77460281e+00 
3.38184829e+00 
3.38184829e+00 
3.38184829e+00 
3.17563042e+00 
2.81194551e+00 
2.45113812e+00 
1.97938288e+00 
1.80781139e+00 
8.47863892e-01 
8.47863892e-01 
6.78569830e-01 
4.96107154e-01 
2.76124998e-01 
2.76124998e-01 
2.33656296e-01 
2.24548991e-01 
1.57783807e-01 
1.04810633e-01 
6.76029796e-02 
4.20349850e-02 
2.45312188e-02 
1.34006781e-02 
6.39829437e-03 
2.68846522e-03 
8.12402444e-04 
1.67840278e-04 
1.22377834e-05 
1.27871043e-07 
1.56604758e-11 
2.68040955e-19 
