6.61933126e+01 
2.71238715e+01 
2.02246851e+01 
2.47110580e+00 
3.07939918e-01 
5.98666228e-03 
9.72881244e-05 
9.72881244e-05 
9.72881244e-05 
5.27419612e-05 
5.27419612e-05 
3.01154027e-05 
1.27368240e-05 
2.82947796e-06 
2.82947796e-06 
5.95107441e-07 
3.71572631e-08 
3.71572631e-08 
2.38066240e-08 
2.38066240e-08 
9.29334199e-09 
7.69293182e-09 
5.07571510e-09 
5.07571510e-09 
4.23949956e-09 
3.34084043e-09 
2.73527376e-09 
1.80715201e-09 
7.00984960e-10 
7.00984960e-10 
5.87981843e-10 
4.09429424e-10 
2.13019897e-10 
2.13019897e-10 
1.61933260e-10 
1.41806463e-10 
8.00429783e-11 
8.00429783e-11 
7.43864713e-11 
7.43864713e-11 
7.37996309e-11 
7.34111402e-11 
7.26426303e-11 
7.26426303e-11 
7.21840616e-11 
7.18711921e-11 
7.12422763e-11 
7.07099104e-11 
7.01678911e-11 
6.98272455e-11 
6.91612581e-11 
6.85282276e-11 
6.80373475e-11 
6.74665345e-11 
6.69678885e-11 
6.63608071e-11 
6.58726681e-11 
6.53233716e-11 
6.47970825e-11 
6.41871410e-11 
6.37560052e-11 
6.31000635e-11 
6.25784350e-11 
6.19971670e-11 
6.14966402e-11 
6.09533419e-11 
6.04319322e-11 
5.99491117e-11 
5.94180187e-11 
5.89398121e-11 
5.84701937e-11 
5.77846360e-11 
5.73873992e-11 
5.67831964e-11 
5.62150047e-11 
5.56683406e-11 
5.53486766e-11 
5.46476023e-11 
5.42610258e-11 
5.38029167e-11 
5.32488778e-11 
5.26920824e-11 
5.20957179e-11 
5.15915100e-11 
5.11508216e-11 
5.04899716e-11 
5.00328133e-11 
4.94551509e-11 
4.90698184e-11 
4.84779196e-11 
4.80138018e-11 
4.75710796e-11 
4.70546332e-11 
4.64756722e-11 
4.60118570e-11 
4.53738942e-11 
4.49870565e-11 
4.43329917e-11 
4.40064385e-11 
4.34144908e-11 
4.29832599e-11 
