5.31801159e+07 
1.97390978e+07 
5.82502638e+06 
1.76280549e+06 
4.57653893e+05 
1.02526014e+05 
1.99474478e+04 
8.53540411e+03 
2.04998285e+03 
4.46235607e+02 
2.11027505e+01 
6.24553133e+00 
1.39054917e+00 
1.39054917e+00 
1.39054917e+00 
5.11463536e-01 
1.24856349e-01 
3.20589803e-02 
8.56456576e-03 
2.35263129e-03 
6.58140999e-04 
1.86495133e-04 
5.34347290e-05 
1.54900967e-05 
4.55269975e-06 
1.36062508e-06 
4.14833090e-07 
1.29432528e-07 
4.14418819e-08 
1.36457533e-08 
4.62794220e-09 
1.61826817e-09 
5.83773750e-10 
2.17315618e-10 
8.34831038e-11 
3.30887740e-11 
1.35259109e-11 
