5.58062484e+12 
1.59204066e+11 
-8.03265745e+03 
-8.03265745e+03 
-8.03265745e+03 
-8.03265745e+03 
-8.07112441e+03 
-8.07112441e+03 
-8.08996308e+03 
-8.12642865e+03 
-8.12642865e+03 
-8.12642865e+03 
-8.13054460e+03 
-8.13840388e+03 
-8.15411120e+03 
-8.15411120e+03 
-8.16160564e+03 
-8.17798694e+03 
-8.20874867e+03 
-8.20874867e+03 
-8.20874867e+03 
-8.21309852e+03 
-8.22061286e+03 
-8.23699134e+03 
-8.26784564e+03 
-8.26784564e+03 
-8.26784564e+03 
-8.27218884e+03 
-8.27941661e+03 
-8.29586405e+03 
-8.32815030e+03 
-8.32815030e+03 
-8.34414516e+03 
-8.37329597e+03 
-8.37329597e+03 
-8.37329597e+03 
-8.37785101e+03 
-8.38628876e+03 
-8.40230829e+03 
-8.43433972e+03 
-8.43433972e+03 
-8.45023052e+03 
-8.48207708e+03 
-8.48207708e+03 
-8.48207708e+03 
-8.48610214e+03 
-8.49405539e+03 
-8.49405539e+03 
-8.49801723e+03 
-8.50570865e+03 
-8.50570865e+03 
-8.50971567e+03 
-8.51760498e+03 
-8.51760498e+03 
-8.52155462e+03 
-8.52913762e+03 
-8.52913762e+03 
-8.53317870e+03 
-8.54114596e+03 
-8.54114596e+03 
-8.54510972e+03 
-8.55280171e+03 
-8.55280171e+03 
-8.55679370e+03 
-8.56458796e+03 
-8.56458796e+03 
-8.56854029e+03 
-8.57609544e+03 
-8.57609544e+03 
-8.58013309e+03 
-8.58807019e+03 
-8.58807019e+03 
-8.59201007e+03 
-8.59945950e+03 
-8.59945950e+03 
-8.60353122e+03 
-8.61151297e+03 
-8.62678044e+03 
-8.65907627e+03 
-8.72307819e+03 
-8.84962993e+03 
-8.84962993e+03 
-8.84962993e+03 
-8.84962993e+03 
-8.85320896e+03 
-8.86136959e+03 
-8.87563682e+03 
-8.87563682e+03 
-8.87563682e+03 
-8.87807310e+03 
-8.87807310e+03 
-8.87913822e+03 
-8.88105009e+03 
-8.88455442e+03 
-8.88455442e+03 
-8.88653407e+03 
-8.89029710e+03 
-8.89029710e+03 
-8.89215807e+03 
-8.89566611e+03 
-8.89566611e+03 
