1.18036623e+01 
1.00729623e+01 
4.21747932e+00 
2.09718201e+00 
2.09718201e+00 
1.83806387e+00 
1.52715532e+00 
1.52715532e+00 
1.49441418e+00 
1.36810739e+00 
1.36810739e+00 
1.29819119e+00 
1.21682023e+00 
1.21682023e+00 
1.13201087e+00 
1.03853735e+00 
1.03853735e+00 
9.78977792e-01 
8.93599536e-01 
8.93599536e-01 
8.11686663e-01 
7.61577525e-01 
6.39728841e-01 
6.20446658e-01 
4.67259672e-01 
4.44133819e-01 
3.60146284e-01 
3.60146284e-01 
3.31284860e-01 
3.31284860e-01 
3.21969208e-01 
3.08996739e-01 
2.94509059e-01 
2.58659906e-01 
2.58659906e-01 
2.22724375e-01 
1.98489201e-01 
1.18665848e-01 
1.18665848e-01 
7.72088978e-02 
7.72088978e-02 
7.02688918e-02 
6.65452857e-02 
6.65452857e-02 
6.13662321e-02 
5.77260852e-02 
4.44902080e-02 
4.44902080e-02 
3.94586991e-02 
3.72673101e-02 
3.51335291e-02 
3.51335291e-02 
3.04854590e-02 
2.87497235e-02 
1.96372205e-02 
1.96372205e-02 
1.59547017e-02 
1.31869572e-02 
7.62173204e-03 
7.02864455e-03 
5.66698716e-03 
5.66698716e-03 
5.46650004e-03 
5.15852776e-03 
4.14507927e-03 
4.14507927e-03 
3.94764080e-03 
3.63490619e-03 
3.31570528e-03 
2.23719100e-03 
2.23719100e-03 
2.10517815e-03 
1.81462385e-03 
1.51658180e-03 
1.11476034e-03 
1.11476034e-03 
1.05060588e-03 
9.70799859e-04 
9.29401045e-04 
8.66828407e-04 
8.66828407e-04 
8.58080567e-04 
8.32311754e-04 
7.90678050e-04 
7.90678050e-04 
7.81273258e-04 
7.61330292e-04 
7.47776797e-04 
6.61547719e-04 
6.61547719e-04 
6.49517043e-04 
6.24355544e-04 
6.00175810e-04 
5.05680085e-04 
5.05680085e-04 
4.91676349e-04 
4.65288168e-04 
4.38216133e-04 
3.43190647e-04 
3.43190647e-04 
3.28846973e-04 
