6.79551613e+04 
3.00351435e+04 
6.04822590e+03 
1.24217559e+03 
2.95196390e+02 
1.10995263e+02 
6.26384529e+01 
6.26384529e+01 
6.26384529e+01 
5.26249570e+01 
5.26249570e+01 
4.57003379e+01 
4.57003379e+01 
4.29521102e+01 
4.29521102e+01 
4.20631722e+01 
4.20631722e+01 
4.17691823e+01 
4.15107467e+01 
4.12059420e+01 
4.10216750e+01 
4.09166018e+01 
4.07916860e+01 
4.06403997e+01 
4.05229998e+01 
4.04741426e+01 
4.03129018e+01 
4.02799829e+01 
4.01756891e+01 
4.01413040e+01 
4.00761391e+01 
4.00399855e+01 
3.99972454e+01 
3.99972454e+01 
3.99863901e+01 
3.99729655e+01 
3.99470078e+01 
3.99296415e+01 
3.99269495e+01 
3.99112160e+01 
3.99112160e+01 
3.99091278e+01 
3.99069275e+01 
3.99047028e+01 
3.99042824e+01 
3.99041572e+01 
3.99041539e+01 
3.99041539e+01 
3.99041539e+01 
