1.02390610e+05 
1.02201965e+05 
1.01823584e+05 
1.01070935e+05 
9.95719568e+04 
9.66139346e+04 
9.08357734e+04 
8.52453518e+04 
7.98443742e+04 
6.96116915e+04 
6.96116915e+04 
6.47716842e+04 
6.01216210e+04 
5.30409158e+04 
5.03392711e+04 
4.24261034e+04 
3.52448404e+04 
2.45226275e+04 
1.47864135e+04 
3.38612059e+03 
1.62615966e+03 
1.50180298e+03 
1.40422354e+03 
1.13331892e+03 
9.27669323e+02 
8.63966906e+02 
8.16180086e+02 
6.62681909e+02 
5.57216403e+02 
4.78754297e+02 
4.00652497e+02 
3.36610205e+02 
2.87884957e+02 
2.44111600e+02 
1.96936040e+02 
1.71014061e+02 
1.21906581e+02 
9.80625844e+01 
8.36669738e+01 
7.77954095e+01 
5.86366277e+01 
5.32829768e+01 
4.73727064e+01 
4.55980292e+01 
4.02835228e+01 
3.97793359e+01 
3.84179641e+01 
3.69650588e+01 
3.25126432e+01 
3.17368292e+01 
2.14893265e+01 
2.01815063e+01 
1.75607137e+01 
1.64024667e+01 
1.44979228e+01 
1.27049285e+01 
9.08454838e+00 
8.39330809e+00 
7.67261520e+00 
1.39776499e+00 
1.10677135e+00 
8.02633158e-01 
6.55765888e-01 
6.24046958e-01 
5.94861878e-01 
5.66742858e-01 
2.75470328e-01 
1.81991444e-01 
1.81991444e-01 
1.81991444e-01 
1.81991444e-01 
1.81991444e-01 
1.81991444e-01 
1.63885661e-01 
1.53394002e-01 
1.16997186e-01 
1.03823036e-01 
7.84207265e-02 
5.51752799e-02 
1.29002314e-02 
2.37634012e-05 
3.36609883e-08 
2.00445034e-16 
