2.76856417e+04 
8.17463989e+03 
2.09792443e+03 
4.41006966e+02 
6.51123887e+01 
1.43691115e+01 
1.24567588e+01 
1.24524134e+01 
1.24513614e+01 
1.24503101e+01 
1.24496297e+01 
1.24489497e+01 
1.24484133e+01 
1.24478771e+01 
1.24474240e+01 
1.24469711e+01 
1.24465741e+01 
1.24461772e+01 
1.24458211e+01 
1.24454651e+01 
1.24451404e+01 
1.24448158e+01 
1.24445163e+01 
1.24442169e+01 
1.24439380e+01 
1.24436593e+01 
1.24433978e+01 
1.24431363e+01 
1.24428896e+01 
1.24426430e+01 
1.24424092e+01 
1.24421754e+01 
1.24419527e+01 
1.24417302e+01 
1.24415175e+01 
1.24413049e+01 
1.24411011e+01 
1.24408974e+01 
1.24407016e+01 
1.24405059e+01 
1.24403173e+01 
1.24401288e+01 
1.24399468e+01 
1.24397649e+01 
1.24395890e+01 
1.24394131e+01 
1.24392426e+01 
1.24390723e+01 
1.24389070e+01 
1.24387417e+01 
1.24385812e+01 
1.24384206e+01 
1.24382645e+01 
1.24381084e+01 
1.24379563e+01 
1.24378043e+01 
1.24376561e+01 
1.24375079e+01 
1.24373633e+01 
1.24372187e+01 
1.24370774e+01 
1.24369363e+01 
1.24367982e+01 
1.24366602e+01 
1.24365252e+01 
1.24363902e+01 
1.24362580e+01 
1.24361258e+01 
1.24359963e+01 
1.24358669e+01 
1.24357399e+01 
1.24356130e+01 
1.24354885e+01 
1.24353640e+01 
1.24352419e+01 
1.24351197e+01 
1.24349997e+01 
1.24348798e+01 
1.24347619e+01 
1.24346441e+01 
1.24345282e+01 
1.24344124e+01 
1.24342985e+01 
1.24341846e+01 
1.24340725e+01 
1.24339605e+01 
1.24338502e+01 
1.24337399e+01 
1.24336313e+01 
1.24335228e+01 
1.24334158e+01 
1.24333089e+01 
1.24332035e+01 
1.24330982e+01 
1.24329943e+01 
1.24328905e+01 
1.24327881e+01 
1.24326857e+01 
1.24325847e+01 
1.24324837e+01 
1.24323841e+01 
