6.81559038e+02 
6.61520366e+02 
6.50059096e+02 
6.49133095e+02 
6.48969175e+02 
6.48614204e+02 
6.47141379e+02 
6.47141379e+02 
6.41150034e+02 
6.28889740e+02 
6.04768698e+02 
5.84084989e+02 
5.74706001e+02 
5.60053091e+02 
5.12617324e+02 
5.12617324e+02 
5.01750914e+02 
5.01359507e+02 
4.77424241e+02 
4.70975539e+02 
4.42444288e+02 
4.26548934e+02 
4.26548934e+02 
4.16694153e+02 
4.16694153e+02 
4.14182526e+02 
4.12237780e+02 
4.12062002e+02 
4.12045785e+02 
4.12027865e+02 
4.12005871e+02 
4.11978409e+02 
4.11939176e+02 
4.11881352e+02 
4.11776627e+02 
4.11574444e+02 
4.10981987e+02 
4.09250936e+02 
3.99875578e+02 
3.93114662e+02 
3.77093999e+02 
3.77093999e+02 
3.68834511e+02 
3.67356553e+02 
3.67181509e+02 
3.67161563e+02 
3.67138358e+02 
3.67106504e+02 
3.67063272e+02 
3.66989491e+02 
3.66863710e+02 
3.66542910e+02 
3.65717893e+02 
3.60565222e+02 
3.60565222e+02 
3.51987339e+02 
3.41121602e+02 
3.31646492e+02 
3.31646492e+02 
3.26942076e+02 
3.26942076e+02 
3.25052376e+02 
3.22818728e+02 
3.22423267e+02 
3.22217195e+02 
3.22147973e+02 
3.22033914e+02 
3.21739587e+02 
3.21014350e+02 
3.16358177e+02 
3.10939964e+02 
3.04824110e+02 
2.93339732e+02 
2.78284317e+02 
2.77589918e+02 
2.77401766e+02 
2.77356054e+02 
2.77288671e+02 
2.77148639e+02 
2.76868475e+02 
2.75750358e+02 
2.72851682e+02 
2.61534968e+02 
2.49384836e+02 
2.46943283e+02 
2.33058131e+02 
2.32701731e+02 
2.32273631e+02 
2.31713985e+02 
2.30192245e+02 
2.18520234e+02 
2.09772879e+02 
1.96183192e+02 
1.96183192e+02 
1.96183192e+02 
1.93544725e+02 
1.90495486e+02 
1.88242583e+02 
1.87863665e+02 
1.86463357e+02 
1.77391400e+02 
