4.93969249e+02 
4.05352405e+02 
4.05352405e+02 
2.92668392e+02 
2.92668392e+02 
2.22946871e+02 
1.67081845e+02 
1.53186635e+02 
1.33846602e+02 
8.50116561e+01 
8.50116561e+01 
5.82943320e+01 
5.82943320e+01 
4.95215662e+01 
3.59075156e+01 
2.79944291e+01 
1.21548056e+01 
4.41064079e+00 
4.41064079e+00 
2.73306936e+00 
6.23720872e-01 
4.14065553e-01 
4.12327977e-01 
4.12327977e-01 
4.12327977e-01 
4.12327977e-01 
4.12327977e-01 
4.12293802e-01 
4.12241685e-01 
4.12241685e-01 
4.12191369e-01 
4.12143790e-01 
4.12120229e-01 
4.11931396e-01 
4.11872554e-01 
4.11847873e-01 
4.11657419e-01 
4.11657419e-01 
4.11617661e-01 
4.11561837e-01 
4.11561837e-01 
4.11506429e-01 
4.11456603e-01 
4.11429033e-01 
4.11219799e-01 
4.11150503e-01 
4.11124825e-01 
4.10917657e-01 
4.10846956e-01 
4.10846956e-01 
4.10794703e-01 
4.10724953e-01 
4.10724953e-01 
4.10670206e-01 
4.10604998e-01 
4.10604998e-01 
4.10546402e-01 
4.10487544e-01 
4.10454674e-01 
4.10222807e-01 
4.10157638e-01 
4.10103696e-01 
4.09878649e-01 
4.09878649e-01 
4.09829005e-01 
4.09755914e-01 
4.09722562e-01 
4.09475591e-01 
4.09395473e-01 
4.09337707e-01 
4.09098124e-01 
4.09098124e-01 
4.09044225e-01 
4.08961805e-01 
4.08921494e-01 
4.08661849e-01 
4.08572457e-01 
4.08499334e-01 
4.08249343e-01 
4.08249343e-01 
4.08190808e-01 
4.08098511e-01 
4.08048645e-01 
4.07764016e-01 
4.07764016e-01 
4.07703445e-01 
4.07604906e-01 
4.07549231e-01 
4.07256292e-01 
4.07256292e-01 
4.07193156e-01 
4.07089122e-01 
4.07026392e-01 
4.06725097e-01 
4.06725097e-01 
4.06659320e-01 
4.06549706e-01 
4.06479221e-01 
4.06169512e-01 
4.06169512e-01 
4.06101014e-01 
