2.55789279e+04 
2.55636860e+04 
2.55328325e+04 
2.55065232e+04 
2.54935994e+04 
2.54227106e+04 
2.53124741e+04 
2.53124741e+04 
2.52768173e+04 
2.52419103e+04 
2.51716090e+04 
2.51021907e+04 
2.50845332e+04 
2.50494327e+04 
2.50353840e+04 
2.50171619e+04 
2.49479529e+04 
2.49319080e+04 
2.49196990e+04 
2.49196990e+04 
2.48848810e+04 
2.48721050e+04 
2.48373564e+04 
2.48163808e+04 
2.47817982e+04 
2.47117923e+04 
2.46983608e+04 
2.46764912e+04 
2.46067262e+04 
2.45376068e+04 
2.45376068e+04 
2.45196436e+04 
2.45017760e+04 
2.44895361e+04 
2.44551037e+04 
2.44300509e+04 
2.43949323e+04 
2.43832398e+04 
2.43530922e+04 
2.43378939e+04 
2.43246500e+04 
2.43020764e+04 
2.42881541e+04 
2.42536866e+04 
2.42331013e+04 
2.41642202e+04 
2.40346693e+04 
2.40346693e+04 
2.39663817e+04 
2.39341929e+04 
2.38660629e+04 
2.38660629e+04 
2.38485436e+04 
2.38307885e+04 
2.38163022e+04 
2.37988100e+04 
2.37829721e+04 
2.37617837e+04 
2.37499271e+04 
2.37158332e+04 
2.37040981e+04 
2.36700129e+04 
2.36585676e+04 
2.36244666e+04 
2.36138555e+04 
2.35795645e+04 
2.35671748e+04 
2.34995183e+04 
2.34995183e+04 
2.34645031e+04 
2.34516945e+04 
2.34179359e+04 
2.34013990e+04 
2.33677356e+04 
2.33001625e+04 
2.33001625e+04 
2.32663625e+04 
2.32529648e+04 
2.32232926e+04 
2.31972927e+04 
2.31859413e+04 
2.31519942e+04 
2.31183113e+04 
2.30513080e+04 
2.30513080e+04 
2.30165481e+04 
2.30046085e+04 
2.29712797e+04 
2.29377724e+04 
2.28710666e+04 
2.28710666e+04 
2.28364017e+04 
2.28257379e+04 
2.27925759e+04 
2.27776847e+04 
2.27479311e+04 
2.27301495e+04 
2.26646969e+04 
2.26531531e+04 
2.25866954e+04 
2.25204646e+04 
