6.55225805e+00 
6.55225620e+00 
6.55225434e+00 
6.55225247e+00 
6.55225059e+00 
6.55224870e+00 
6.55224681e+00 
6.55224490e+00 
6.55224299e+00 
6.55224107e+00 
6.55223914e+00 
6.55223720e+00 
6.55223525e+00 
6.55223329e+00 
6.55223132e+00 
6.55222935e+00 
6.55222737e+00 
6.55222537e+00 
6.55222337e+00 
6.55222137e+00 
6.55221935e+00 
6.55221733e+00 
6.55221530e+00 
6.55221326e+00 
6.55221122e+00 
6.55220917e+00 
6.55220712e+00 
6.55220506e+00 
6.55220300e+00 
6.55220093e+00 
6.55219885e+00 
6.55219678e+00 
6.55219469e+00 
6.55219261e+00 
6.55219052e+00 
6.55218843e+00 
6.55218634e+00 
6.55218424e+00 
6.55218215e+00 
6.55218005e+00 
6.55217795e+00 
6.55217585e+00 
6.55217375e+00 
6.55217165e+00 
6.55216955e+00 
6.55165170e+00 
6.55164417e+00 
6.55163662e+00 
6.55162903e+00 
6.55162144e+00 
6.55132743e+00 
6.55113543e+00 
6.55095733e+00 
6.55095531e+00 
6.55095328e+00 
6.55095125e+00 
6.55094922e+00 
6.55094719e+00 
6.55094516e+00 
6.55094312e+00 
6.55094109e+00 
6.55093905e+00 
6.55093701e+00 
6.55093498e+00 
6.55093294e+00 
6.55093090e+00 
6.55092885e+00 
6.55092681e+00 
6.55092477e+00 
6.55092273e+00 
6.55092068e+00 
6.55091864e+00 
6.55091659e+00 
6.55091455e+00 
6.55091250e+00 
6.55091045e+00 
6.55090841e+00 
6.55090636e+00 
6.55090431e+00 
6.55090226e+00 
6.55090021e+00 
6.55089816e+00 
6.55089611e+00 
6.55089406e+00 
6.55089201e+00 
6.55088996e+00 
6.55088791e+00 
6.55088587e+00 
6.55053062e+00 
6.54981694e+00 
6.54838838e+00 
6.54838638e+00 
6.54838439e+00 
6.54838238e+00 
6.54838037e+00 
6.54837836e+00 
6.54837634e+00 
6.54837432e+00 
6.54837229e+00 
6.54837026e+00 
6.54836822e+00 
