1.09741914e+07 
4.47318307e+03 
1.12747732e+03 
7.84831382e+02 
4.34112903e+02 
7.75080819e+01 
7.44467720e+00 
7.73521605e-02 
1.44521052e-02 
1.44213912e-02 
1.44213912e-02 
1.44213912e-02 
1.44213912e-02 
1.44213912e-02 
1.44213912e-02 
1.44213912e-02 
1.44213912e-02 
1.44213912e-02 
1.44213912e-02 
1.44213912e-02 
1.44213912e-02 
1.44213912e-02 
1.44213912e-02 
1.44213912e-02 
1.44213912e-02 
1.44213912e-02 
1.44213912e-02 
1.44213912e-02 
1.44213912e-02 
1.44213912e-02 
1.44213912e-02 
1.44213912e-02 
1.44213912e-02 
