5.55165252e+00 
5.32191082e+00 
5.03980058e+00 
4.72812425e+00 
4.55824811e+00 
4.14390379e+00 
4.01380819e+00 
3.56176195e+00 
3.30563944e+00 
2.90901138e+00 
2.35194116e+00 
2.29687683e+00 
2.29687683e+00 
2.04682797e+00 
2.03380125e+00 
2.03380125e+00 
1.91051821e+00 
1.90596484e+00 
1.68452759e+00 
1.60255452e+00 
1.32298931e+00 
1.32298931e+00 
1.21941354e+00 
1.15177954e+00 
9.84509579e-01 
9.84509579e-01 
9.27715344e-01 
8.57752414e-01 
7.59896029e-01 
7.07893171e-01 
6.11660158e-01 
5.76102994e-01 
4.85138744e-01 
4.56128236e-01 
3.75937645e-01 
3.48007103e-01 
2.82260568e-01 
2.54056637e-01 
2.02546648e-01 
1.75051645e-01 
1.35482933e-01 
1.35482933e-01 
1.17103640e-01 
9.40024458e-02 
6.66326283e-02 
4.83961418e-02 
2.60953204e-02 
2.01189009e-02 
2.67467199e-03 
1.20021205e-04 
4.19679136e-10 
5.48767908e-25 
