3.35807458e+02 
2.15003913e+02 
1.56976279e+02 
9.65229931e+01 
4.52145098e+01 
2.38192475e+01 
1.36388503e+01 
8.21614549e+00 
5.24186325e+00 
3.41256399e+00 
2.34281064e+00 
1.58772297e+00 
1.18083501e+00 
7.90807262e-01 
7.90807262e-01 
6.79391382e-01 
5.27681577e-01 
3.87815862e-01 
2.77175929e-01 
2.15322969e-01 
1.45993076e-01 
1.45993076e-01 
1.22424355e-01 
9.43895361e-02 
6.59670279e-02 
5.28309204e-02 
3.21526790e-02 
3.21526790e-02 
2.52066149e-02 
1.99538143e-02 
1.10199372e-02 
1.10199372e-02 
9.16358346e-03 
6.40953554e-03 
4.07655535e-03 
2.04929311e-03 
1.60330245e-03 
3.68425602e-04 
3.68425602e-04 
1.58316843e-04 
3.85017528e-05 
3.84510161e-06 
8.24933589e-08 
4.64764655e-11 
6.66988940e-13 
6.66972047e-13 
