      Nombre|    eval F|       f RegionC|       g RegionC|         tiempo|    eval F|     f BusquedaL|     g BusquedaL|         tiempo| 
     arglina|         5| +1.00000000e+02| +4.25898061e-14| 4.95951320e-02|         1| +1.00000000e+02| +1.05116027e-13| 1.91288400e-02| 
        bard|         8| +8.21487731e-03| +2.60165245e-13| 7.72838300e-03|        29| +8.21487731e-03| +2.49432060e-10| 2.52271730e-02| 
       beale|         9| +6.48296941e-24| +1.97857732e-12| 6.55546700e-03|        14| +4.04189089e-16| +6.19138468e-08| 8.48643400e-03| 
      biggs6|        36| +7.48705280e-19| +5.05354556e-10| 2.60698320e-02|       103| +5.20513158e-03| +1.05236647e-03| 5.20973770e-02| 
        box3|         7| +3.56691421e-21| +3.66737655e-11| 8.61529000e-03|        15| +1.11405938e-15| +2.14096908e-08| 7.62359600e-03| 
      brkmcc|         3| +1.69042679e-01| +1.86107292e-15| 3.05036300e-03|         5| +1.69042679e-01| +5.45172515e-13| 2.71170600e-03| 
     brownal|         6| +2.88729113e-22| +3.59957319e-11| 4.62994300e-03|       101| +1.86018172e-06| +2.53719163e-04| 5.86617840e-02| 
     brownbs|       100| +9.33528757e+11| +1.93238754e+06| 6.06696110e-02|         7| +1.09040184e+07| +5.56266335e+04| 4.67985800e-03| 
    brownden|        10| +8.58222016e+04| +3.99199542e-08| 7.56051100e-03|        15| +8.58222016e+04| +3.97501801e-06| 2.13023820e-02| 
    chnrosnb|        76| +3.73872373e-21| +4.66876349e-10| 8.04224370e-02|       101| +1.37581744e-07| +6.42890468e-03| 1.75886331e-01| 
       cliff|        26| +1.99786614e-01| +1.60858485e-10| 2.49897370e-02|        32| +1.93492644e+03|            NaN| 2.31231660e-02| 
        cube|        31| +2.68040955e-19| +2.51059050e-08| 1.89414650e-02|        56| +1.31405160e-22| +7.24411427e-10| 2.25872180e-02| 
     deconvu|       100| +4.29832599e-11| +5.46379446e-06| 3.00784017e-01|       100| +2.28736567e-02| +1.28251023e+00| 1.11652040e-01| 
    denschna|         5| +5.42943216e-19| +1.47363393e-09| 3.96321000e-03|        11| +1.10283709e-23| +6.64177165e-12| 4.55228500e-03| 
    denschnb|         5| +2.12812647e-17| +9.47032308e-09| 4.25529200e-03|         0|            NaN|           +Inf| 1.29446900e-02| 
    denschnc|        10| +1.03345709e-27| +1.85563408e-13| 6.95019500e-03|        21| +3.78937644e-24| +1.03277378e-11| 9.30303600e-03| 
    denschnd|        36| +1.35259109e-11| +8.28334312e-08| 2.28242240e-02|        87| +3.20552698e-12| +7.28169285e-08| 4.50037820e-02| 
    denschnf|         6| +1.51929084e-64| +2.78904448e-31| 4.38369900e-03|        11| +6.51255013e-22| +6.28825085e-10| 4.61857300e-03| 
    dixon3dq|         4| +1.06003184e-30| +3.95962252e-15| 4.16848800e-03|         1| +1.85382313e-29| +1.61345622e-14| 1.80617400e-03| 
        djtl|       100| -8.89566611e+03| +1.18604440e+03| 4.99656550e-02|        48| -8.21992371e+03| +1.92504541e+04| 6.51511700e-02| 
    eigenals|        18| +6.28359207e-22| +6.38046305e-10| 1.10470655e-01|       100| +1.00461731e+00| +1.41418784e+01| 4.57678432e-01| 
    eigenbls|       100| +3.28846973e-04| +1.87348540e-02| 6.83187084e-01|       100| +5.96403548e-03| +1.54097111e-01| 5.38174207e-01| 
     engval2|        20| +1.81754785e-27| +2.39178519e-12| 1.25067160e-02|       101| +5.38761551e-06| +2.18040332e-03| 6.03073720e-02| 
    errinros|        48| +3.99041539e+01| +1.03739195e-10| 6.17402590e-02|       100| +3.99976234e+01| +1.59370229e+00| 1.14806394e-01| 
      expfit|        12| +2.40510594e-01| +3.89859971e-12| 7.56885200e-03|        12| +2.40510594e-01| +6.20649025e-06| 5.72355800e-03| 
    extrosnb|         0| +0.00000000e+00| +0.00000000e+00| 1.10410000e-05|         0| +0.00000000e+00| +0.00000000e+00| 1.23690000e-05| 
    fletcbv2|         2| -5.14006786e-01| +1.98745856e-11| 1.19549470e-02|         3| -5.14006786e-01| +8.53167350e-11| 1.64818620e-02| 
    fletchcr|         0| +9.90000000e+03| +2.82842712e+02| 5.52606000e-04|         0| +9.90000000e+03|            NaN| 1.28243420e-02| 
    genhumps|        82| +2.00445034e-16| +8.59440334e-09| 4.46168690e-02|       100| +1.39602655e+00| +2.08025898e-01| 3.96265790e-02| 
    growthls|       100| +1.24323841e+01| +3.27308973e-01| 6.25872630e-02|       101| +2.75159434e+01| +1.17857690e+00| 3.69693820e-02| 
       hairy|       100| +1.77391400e+02| +2.13419983e+02| 5.37074400e-02|        46| +2.00000000e+01| +5.89310520e-07| 2.41462030e-02| 
     hatfldd|        11| +6.61511392e-08| +3.24592587e-09| 7.91694300e-03|        32| +2.54689462e-07| +8.20101157e-09| 1.60725940e-02| 
     hatflde|        24| +4.43440071e-07| +1.17039183e-12| 1.60372080e-02|        37| +4.90785484e-07| +3.33213812e-08| 1.72871010e-02| 
    heart6ls|       100| +4.06101014e-01| +3.18239185e-01| 6.42177200e-02|        48| +1.90818726e+01| +3.83576031e+02| 2.59942880e-02| 
    hilberta|         3| +5.77032630e-10| +1.68348681e-08| 2.79192200e-03|         3| +8.59133871e-12| +2.71653689e-10| 2.51266300e-03| 
    hilbertb|         6| +7.08911523e-27| +3.97530737e-13| 9.98449600e-03|         3| +7.41023279e-22| +1.23640193e-10| 5.05072500e-03| 
    himmelbb|        19| +7.69900603e-13| +3.22777787e-08| 1.20466330e-02|        18| +3.72773104e-26| +1.02138754e-11| 6.51530300e-03| 
    himmelbf|        11| +3.18571749e+02| +2.45770745e-13| 8.15133900e-03|       101| +8.46974578e+02| +1.56591023e-03| 3.42780670e-02| 
    himmelbg|         6| +2.31537343e-29| +1.48346509e-14| 5.43031500e-03|        11| +2.61539873e-27| +1.55131568e-13| 4.76400100e-03| 
    himmelbh|         5| -1.00000000e+00| +3.19744231e-14| 3.75053300e-03|         0| +2.00000000e+00|            NaN| 1.18180930e-02| 
       humps|       100| +2.25204646e+04| +5.82080132e+01| 5.38965560e-02|       104| +2.21136443e+00| +5.12631651e-01| 3.75106880e-02| 
      jensmp|         9| +1.24362182e+02| +2.73794162e-12| 6.62525600e-03|        28| +1.24362182e+02| +1.80045635e-04| 1.04305420e-02| 
      kowosb|        12| +3.07505604e-04| +8.61210082e-11| 9.79164400e-03|        14| +3.07505604e-04| +6.58668060e-09| 7.12085700e-03| 
    loghairy|       100| +6.54836822e+00| +1.42875074e-03| 5.44058660e-02|       102| +6.54310706e+00| +1.75863919e-03| 2.96614290e-02| 
     mancino|         9| +0.00000000e+00| +0.00000000e+00| 7.12170400e-03|         5| +2.85027811e-02| +4.69724599e+02| 1.79882920e-02| 
    maratosb|         9| -1.00000006e+00| +9.34182731e-11| 5.68984000e-03|         0| +1.00000000e+06| +1.00000000e+00| 2.57410000e-04| 
      mexhat|         3| -4.01000000e-02| +1.56575509e-14| 2.62743700e-03|       100| -4.00036378e-02| +3.06369249e-04| 5.50147300e-02| 
    osborneb|        17| +4.01377363e-02| +3.39482735e-09| 2.19525060e-02|       100| +1.07142957e-01| +1.17787270e-01| 8.82887830e-02| 
    palmer1c|        10| +9.75979913e-02| +5.84203716e-08| 9.42276300e-03|        13| +1.65078867e+02| +1.31458315e+01| 9.08451700e-03| 
    palmer2c|        32| +1.44213912e-02| +4.62566148e-08| 2.35277460e-02|        13| +4.37223266e+00| +1.79871107e-01| 1.14318680e-02| 
    palmer3c|         9| +1.95376385e-02| +4.16689206e-09| 8.74508300e-03|        17| +3.25213889e+00| +1.84881440e+00| 1.44233130e-02| 
    palmer4c|         9| +5.03106958e-02| +5.82442698e-08| 8.54443600e-03|        17| +4.68193376e+00| +2.10565234e+02| 1.58355020e-02| 
    palmer5c|         6| +2.12808667e+00| +1.02756124e-13| 6.47048900e-03|         1| +2.12808667e+00| +3.58529293e-13| 1.76271200e-03| 
    palmer6c|        10| +1.63874216e-02| +2.32670301e-10| 9.29618900e-03|        17| +8.87493863e-01| +6.99831516e-01| 1.60044890e-02| 
    palmer7c|        12| +6.01985672e-01| +8.04240202e-09| 1.15634590e-02|        17| +5.45590981e+00| +3.16718985e-01| 1.25754970e-02| 
    palmer8c|        10| +1.59768063e-01| +4.48008420e-09| 9.17294500e-03|        17| +3.11233277e+00| +5.48525278e-01| 2.56668600e-02| 
    powellsq|         0| +0.00000000e+00| +0.00000000e+00| 5.31300000e-06|         0| +0.00000000e+00| +0.00000000e+00| 6.90500000e-06| 
     rosenbr|        24| +2.61140693e-26| +3.32598971e-12| 1.41930110e-02|        43| +2.01711525e-16| +1.40253386e-07| 1.85044630e-02| 
     sineval|        51| +5.48767908e-25| +6.39900079e-11| 3.02890840e-02|        94| +1.01545521e-19| +2.04534071e-08| 4.01926550e-02| 
      sisser|        15| +1.55276990e-11| +4.14814917e-08| 1.23663320e-02|        31| +1.52842510e-11| +4.12185033e-08| 1.21523060e-02| 
    tointqor|         6| +1.17547222e+03| +5.39994796e-12| 6.62638500e-03|         9| +1.17547222e+03| +1.02167855e-07| 2.85450060e-02| 
      vardim|        13| +6.22671493e-20| +9.80512512e-09| 8.32017900e-03|        27| +2.91423675e-24| +6.69556050e-11| 1.04525200e-02| 
      watson|        12| +1.27047006e-12| +2.49816984e-08| 2.40566630e-02|       101| +9.97289131e-05| +3.50962541e-02| 9.89426680e-02| 
       yfitu|        45| +6.66972047e-13| +3.37036752e-12| 3.66668650e-02|       100| +2.97996343e-02| +7.67230569e+01| 3.97602510e-02| 
